1024 8192
124 565
320 374
573 729
617 436
671 983
449 815
504 696
409 298
172 270
521 797
367 801
44 147
285 191
399 324
53 727
770 178
268 66
552 841
795 146
253 443
105 702
234 609
375 643
907 547
913 405
320 256
182 364
404 467
555 803
792 609
506 538
787 774
604 315
592 376
461 845
819 566
524 29
152 899
672 35
422 561
440 743
818 622
83 198
66 639
1001 858
224 483
372 1011
233 976
302 825
328 764
647 123
306 147
152 458
22 824
494 444
362 934
163 156
533 247
354 599
886 331
433 86
814 805
73 23
757 375
849 62
115 472
185 422
619 338
880 641
138 350
61 500
261 225
656 794
472 1010
369 334
317 802
420 107
583 493
131 316
868 980
378 984
428 564
382 23
902 238
664 16
589 725
517 850
950 149
620 398
136 989
732 453
767 128
561 326
621 692
642 466
648 1021
426 52
561 808
75 439
22 739
455 611
440 972
437 367
98 33
765 234
1022 474
687 765
602 224
67 200
916 710
666 540
707 68
592 244
876 667
683 898
382 114
486 823
63 923
166 161
957 931
395 955
381 58
697 984
283 764
160 175
450 826
716 133
894 284
377 746
952 36
620 310
151 82
109 214
1006 275
375 939
183 770
870 564
828 543
524 87
284 684
263 734
486 979
868 356
239 221
78 167
258 699
478 409
781 587
623 763
863 998
678 22
744 525
586 548
44 87
636 328
771 899
39 234
854 907
590 69
104 669
237 362
344 715
771 101
278 370
865 117
344 519
139 64
20 726
613 65
813 225
393 560
100 432
794 954
315 361
1023 420
6 236
782 350
951 530
451 206
900 292
323 221
812 463
285 832
165 898
897 978
99 267
514 199
699 285
129 1015
646 129
411 652
365 169
1002 293
699 429
499 576
722 822
797 510
261 58
318 426
957 192
380 32
459 895
232 134
156 361
125 802
490 536
430 856
706 408
125 381
837 624
957 535
422 730
21 684
789 340
86 722
532 467
754 991
338 986
101 494
324 227
272 814
763 702
646 445
86 771
827 923
371 760
435 794
467 456
454 232
796 540
954 304
1007 684
271 321
647 373
815 971
600 63
761 339
765 384
785 851
131 588
751 503
324 162
273 791
618 727
1023 391
243 953
695 227
614 967
548 237
316 340
184 916
403 945
231 145
305 1016
996 437
580 723
940 905
885 189
672 480
916 672
871 135
601 542
362 191
485 911
428 801
227 612
693 630
534 925
775 839
917 748
252 474
447 168
355 309
357 3
789 249
675 636
385 253
154 747
444 640
634 873
417 861
461 87
468 995
1012 219
811 905
967 39
355 391
208 710
700 565
714 465
815 365
77 176
618 231
923 39
871 534
912 265
371 349
352 839
321 340
35 108
221 1002
147 577
369 355
263 45
921 977
510 712
319 587
888 937
819 787
976 666
297 864
931 669
190 259
484 511
599 519
619 821
498 766
374 867
98 637
913 1019
591 399
707 910
987 571
823 782
334 776
424 632
616 332
277 806
591 761
293 167
257 912
988 755
655 338
598 753
975 487
748 542
887 431
428 850
1002 228
608 312
1004 8
944 596
340 197
379 932
959 672
75 192
561 39
947 192
377 521
945 328
1009 669
871 872
76 275
698 54
503 282
366 483
290 287
56 631
484 435
539 419
83 614
611 644
653 534
836 6
32 757
334 17
402 181
889 478
457 563
532 960
845 899
420 111
162 476
742 646
911 257
42 994
871 653
615 500
164 427
506 196
161 841
213 563
1022 78
18 455
641 550
392 462
425 812
573 587
264 292
210 151
549 252
121 397
905 736
897 45
140 380
241 301
197 454
864 195
532 882
651 149
409 19
611 834
831 161
398 71
453 608
222 1002
860 343
375 741
56 249
787 196
629 4
497 826
459 337
1021 991
196 648
117 605
667 728
415 474
889 813
545 318
397 767
297 233
87 672
975 143
921 738
339 526
742 836
328 177
149 326
145 345
974 262
950 618
990 342
68 856
131 614
150 529
357 447
762 444
96 713
587 1017
427 926
520 146
738 848
323 888
150 468
209 101
730 136
719 697
478 787
529 609
377 679
114 735
103 877
155 199
566 743
192 994
645 712
116 360
537 439
224 687
908 433
788 614
569 483
287 23
247 816
633 624
472 747
335 575
600 491
774 143
210 966
113 855
655 229
191 168
668 415
855 552
849 620
143 394
79 430
418 326
223 27
951 695
774 262
246 351
753 1020
494 963
962 607
795 593
836 986
761 480
378 593
9 203
189 152
597 268
582 1015
595 805
18 522
476 793
784 722
120 514
718 614
453 657
197 224
226 9
187 988
489 565
557 498
768 746
650 341
1014 209
333 585
1014 351
83 467
120 868
165 240
358 884
854 811
517 27
12 743
36 199
707 526
764 240
0 508
986 651
849 977
860 158
538 850
510 622
293 630
466 459
871 824
319 701
611 836
729 623
555 765
822 239
267 562
479 268
46 442
919 896
395 755
30 933
581 540
531 875
147 997
310 1018
797 629
695 385
441 400
1008 996
142 807
211 409
345 691
677 392
109 572
264 504
303 294
413 885
835 945
736 982
918 22
976 692
651 647
53 68
24 37
40 166
844 252
575 166
943 229
558 28
801 822
532 81
92 945
966 927
866 678
885 761
700 837
429 327
461 482
395 485
519 435
651 340
687 202
506 606
431 40
634 209
862 142
290 954
64 232
858 930
910 719
667 586
533 72
913 994
554 284
455 50
719 82
390 383
284 896
989 716
936 600
925 774
742 191
704 806
423 538
713 309
234 356
895 767
429 784
737 983
44 168
9 763
250 399
122 534
271 88
226 183
688 127
957 406
318 638
189 741
152 902
26 386
234 921
129 663
681 866
623 725
10 632
465 260
8 587
795 279
675 1021
463 339
125 396
746 443
10 935
161 163
813 187
549 23
85 679
687 766
521 286
468 532
918 933
792 926
496 563
182 148
561 645
487 686
17 209
105 28
120 266
191 933
454 740
957 539
395 620
281 917
906 749
425 800
658 193
703 131
757 885
279 294
506 766
980 523
976 61
551 72
328 742
1006 782
459 939
297 854
535 578
747 417
304 148
193 962
342 896
69 75
757 348
369 239
91 325
763 43
386 290
115 714
9 97
472 468
12 769
298 547
324 22
964 628
170 134
566 512
6 636
587 764
984 956
1003 51
257 742
94 644
9 210
334 18
307 807
486 320
552 784
867 876
806 808
480 977
942 23
465 948
659 29
688 619
985 668
671 219
386 765
863 395
975 173
413 259
980 899
579 509
660 422
361 442
206 842
395 124
865 861
49 500
890 737
95 851
381 766
46 768
508 909
139 459
59 553
718 15
428 273
524 64
696 886
507 902
704 902
3 545
739 52
21 605
789 116
433 147
883 479
915 367
365 30
826 424
583 521
439 1012
794 964
52 466
826 559
345 506
438 348
27 153
400 48
759 165
164 168
312 23
647 203
390 1012
234 193
412 817
714 852
805 484
792 858
951 594
393 272
76 831
620 103
985 1020
151 720
161 315
888 474
339 511
677 729
500 911
922 912
705 612
740 486
73 508
320 0
78 714
272 154
521 892
257 482
888 408
178 25
724 42
499 39
554 153
768 30
40 667
942 745
255 659
208 328
143 528
328 222
218 600
376 740
468 634
198 332
18 377
358 742
419 857
781 973
1010 526
1003 27
169 922
772 424
557 980
753 700
485 57
922 703
658 275
419 102
909 618
435 927
995 793
646 390
626 403
340 613
929 319
640 74
217 388
499 774
345 228
451 830
285 349
509 943
624 929
22 509
523 457
413 494
226 35
884 852
438 200
441 344
520 57
418 737
446 917
488 791
121 939
597 407
264 82
326 889
1011 348
374 510
805 787
1004 7
822 865
860 237
41 277
581 561
335 999
275 781
893 763
548 1014
678 121
397 942
203 724
807 191
48 158
701 854
945 682
861 744
523 697
981 564
975 538
102 286
513 377
43 382
116 591
373 794
712 770
712 915
470 496
82 519
654 784
349 575
442 186
295 965
884 252
505 835
790 607
97 280
984 140
662 76
731 11
870 419
782 559
310 228
31 393
747 685
153 72
236 595
259 532
536 119
784 17
954 551
625 27
831 585
167 469
662 898
481 508
293 239
43 603
467 74
996 191
759 125
263 996
720 522
504 232
641 264
250 571
815 875
598 622
436 765
68 74
639 549
583 932
788 626
512 231
701 484
422 436
610 686
408 306
184 912
539 826
153 789
373 968
640 972
567 52
713 635
127 329
160 710
237 948
312 749
155 1013
210 578
426 820
240 834
102 424
723 641
226 876
406 600
820 22
548 363
75 237
998 202
566 134
912 804
58 200
529 214
190 739
792 616
535 8
426 638
432 125
255 659
1001 662
235 798
684 783
137 759
1020 112
961 563
246 849
343 305
26 872
519 216
588 287
832 99
295 234
737 727
360 993
362 337
631 597
111 291
356 249
27 353
361 988
916 607
814 235
912 840
83 407
32 671
694 864
771 989
74 484
693 434
453 31
772 60
629 883
352 985
108 379
314 469
343 206
53 133
441 965
973 525
349 1005
172 19
845 943
1009 920
404 678
330 857
709 78
918 314
962 246
276 46
625 590
516 968
797 569
78 214
510 27
739 859
9 912
879 854
831 864
750 211
518 57
45 203
135 963
518 73
185 794
120 810
360 636
754 133
181 832
348 691
860 63
527 869
975 382
699 783
222 426
994 740
483 15
943 618
978 437
692 139
207 812
949 568
424 680
701 605
488 25
272 324
89 799
169 40
157 869
823 379
271 794
95 754
809 15
348 764
452 16
903 660
828 829
204 228
485 905
833 973
931 82
274 1020
881 443
36 15
288 860
394 559
630 490
289 415
505 638
155 957
654 35
593 459
864 797
687 325
679 497
274 586
579 548
582 436
992 618
451 256
454 846
816 60
312 81
476 817
719 631
750 350
666 320
809 506
93 472
831 772
969 82
334 524
630 916
961 598
511 388
855 965
210 647
2 522
728 478
315 424
85 42
774 752
362 559
234 455
7 42
204 977
124 538
477 754
431 414
329 942
803 160
883 1013
807 885
512 511
339 827
935 425
869 685
153 207
220 387
663 228
429 867
181 553
381 658
284 812
49 613
730 852
773 590
841 556
451 329
43 791
133 979
192 1002
640 345
186 861
732 849
65 138
692 246
691 49
904 975
862 953
564 568
781 313
134 599
869 586
928 913
353 37
868 545
16 484
890 202
321 598
27 386
736 719
632 404
768 513
355 606
442 920
151 200
209 285
799 55
871 703
968 200
741 812
745 757
272 611
959 594
186 986
980 922
681 589
302 425
78 658
8 520
554 159
720 763
444 495
818 292
175 762
492 916
550 214
649 823
825 584
393 1011
546 349
910 203
938 188
628 1016
846 636
513 376
795 209
116 216
705 934
508 880
673 1000
772 199
190 397
1022 1016
981 391
1003 503
741 889
706 655
54 310
648 900
947 137
253 718
346 369
934 27
279 418
907 952
395 655
128 585
28 126
577 1009
518 557
488 235
422 170
890 476
481 514
353 404
651 606
98 998
975 9
1 230
427 909
159 822
540 287
384 569
413 961
554 931
494 19
142 917
189 9
369 670
523 722
50 151
304 149
125 255
158 126
486 585
11 645
384 552
932 768
97 321
705 651
229 176
670 371
69 860
380 438
506 904
137 557
31 441
706 156
697 864
282 159
425 294
804 809
846 712
553 943
9 235
570 238
411 217
610 480
53 990
918 559
870 31
92 901
473 798
33 146
638 316
305 40
610 85
849 432
797 379
351 806
614 921
21 1
114 631
481 167
597 375
727 444
407 819
321 880
594 355
2 208
671 307
248 257
392 74
689 165
453 16
971 43
937 992
44 28
599 525
195 173
900 922
617 283
718 938
139 288
269 141
496 940
448 745
173 840
819 862
1005 248
878 953
291 792
921 335
820 497
860 1015
670 736
914 263
1020 608
177 135
896 447
277 368
363 725
89 537
542 908
375 523
132 230
452 423
1022 350
758 818
847 594
809 493
307 699
756 303
283 933
438 155
356 715
524 720
417 613
233 959
498 608
458 630
838 911
30 836
237 788
630 60
359 416
553 666
91 285
969 375
194 383
530 551
75 30
247 492
644 480
427 118
64 885
748 903
772 778
715 1009
543 322
45 902
738 598
544 829
883 489
180 54
872 711
605 947
741 852
415 361
308 842
479 372
704 204
251 452
982 967
438 501
265 483
379 1003
58 923
808 941
388 989
995 237
676 576
160 393
404 576
755 712
394 210
61 74
414 312
527 373
255 965
874 520
424 230
499 482
129 284
400 518
249 371
755 925
948 915
294 328
467 25
17 862
236 78
936 650
390 439
1023 646
380 874
142 805
80 642
263 209
926 663
727 151
11 458
52 959
350 346
263 817
372 280
655 608
358 568
234 749
1007 234
371 364
84 513
145 164
131 408
373 33
48 77
184 59
535 236
1018 885
583 257
679 955
538 310
539 896
878 773
621 862
1007 992
202 67
482 347
231 613
755 605
647 803
682 831
862 193
44 856
55 627
90 734
558 628
20 73
500 899
846 98
737 830
66 939
897 548
262 105
138 1017
710 785
797 368
592 635
561 636
468 616
239 558
326 797
162 347
870 662
222 693
760 959
499 827
874 372
351 112
477 489
105 163
250 902
531 843
514 69
455 982
685 695
516 1012
468 678
335 315
316 557
1008 53
492 483
880 342
855 207
454 309
697 559
472 947
438 1004
766 952
49 198
910 734
893 402
722 337
56 33
652 372
590 636
425 58
95 281
400 951
489 854
236 162
390 708
85 828
688 852
756 737
26 642
448 919
20 146
232 76
180 885
448 770
497 874
829 593
131 205
520 620
36 756
782 426
440 868
230 105
696 986
842 722
604 266
617 624
413 849
700 593
710 124
339 184
998 144
777 106
350 273
726 386
5 485
812 445
329 18
550 1
1004 369
723 584
635 316
184 24
141 884
617 852
1008 957
12 983
77 789
65 427
38 791
813 43
252 601
488 581
619 15
582 599
384 281
159 1019
597 343
20 739
203 637
567 188
570 579
147 648
344 212
51 382
1003 865
425 232
442 913
813 38
928 372
637 288
653 797
284 227
116 304
966 320
941 509
508 488
64 655
112 408
867 163
790 846
4 191
54 447
80 868
485 1009
216 98
273 869
895 557
72 1012
861 14
308 779
523 816
243 587
447 355
995 290
518 761
112 523
952 167
970 9
11 431
1018 227
529 267
72 401
825 145
389 662
159 697
417 683
489 660
246 936
1015 218
202 510
979 314
9 908
481 979
917 492
386 911
719 915
154 792
292 979
937 681
618 72
354 11
755 843
672 1002
755 663
196 957
149 151
248 158
35 729
113 952
198 499
839 917
391 994
685 683
949 598
341 543
671 695
555 402
515 203
380 246
866 576
180 1016
728 428
150 763
133 264
692 331
763 507
225 130
477 910
814 403
485 131
946 132
826 477
534 317
680 915
564 523
467 744
515 171
148 665
935 281
929 603
613 669
86 838
799 564
724 589
967 185
720 889
317 523
343 852
840 1023
743 380
522 186
100 13
358 248
679 269
530 584
872 119
229 958
957 5
498 657
594 441
843 291
307 136
814 650
988 630
649 707
1011 148
894 87
161 228
336 840
497 866
401 345
985 630
279 918
635 778
551 206
195 370
497 502
507 287
128 471
917 778
155 904
926 25
992 63
253 304
904 750
146 281
71 107
911 350
1 523
104 552
729 300
923 202
802 406
489 931
877 382
685 8
263 587
33 231
650 286
535 530
12 681
811 83
788 699
434 789
198 538
317 927
838 216
105 617
622 594
524 476
976 185
484 215
772 518
446 398
804 981
929 817
638 716
900 402
391 310
167 589
849 485
492 663
701 597
256 300
167 780
776 120
965 236
335 713
754 782
88 535
739 1017
328 354
709 204
756 77
515 924
666 340
385 135
1003 62
732 236
362 900
1016 114
1020 958
351 331
647 81
89 735
616 829
728 944
159 414
125 915
491 640
815 133
980 176
268 959
239 1001
171 601
877 164
716 873
98 43
180 745
124 270
457 741
75 161
661 234
575 786
125 42
402 941
176 358
93 444
294 332
421 465
934 274
629 626
123 727
669 304
449 793
574 906
510 649
43 148
883 619
934 1008
661 313
925 837
671 1019
258 965
327 679
407 237
954 12
863 53
740 508
357 165
278 931
47 788
556 90
936 415
709 847
400 347
136 301
160 807
296 418
749 624
74 132
861 4
144 701
57 884
185 415
25 463
322 72
228 879
163 140
270 872
987 670
195 99
972 356
907 244
774 632
868 848
764 706
852 908
383 910
769 568
301 794
8 623
867 236
478 6
376 749
878 340
395 50
439 343
406 322
588 156
954 432
1005 694
114 833
579 497
719 324
42 1020
94 50
620 961
286 74
967 662
823 822
1002 195
872 418
538 254
740 102
410 671
535 391
341 649
201 920
123 920
220 165
917 315
215 513
252 501
587 196
139 387
1018 118
582 866
536 96
96 252
199 506
923 734
898 241
359 75
137 482
995 358
647 888
673 862
377 925
339 965
97 479
328 91
597 910
957 109
1006 29
361 181
536 261
915 410
502 251
485 639
733 456
997 357
321 646
195 698
548 535
639 645
1014 967
737 587
853 670
696 836
700 33
1017 212
294 909
622 796
136 83
412 869
539 385
202 860
8 398
535 556
933 150
177 923
94 914
486 947
561 158
759 237
191 753
449 486
638 47
258 774
130 670
619 669
32 822
506 40
196 17
596 105
167 773
4 261
664 490
185 201
648 944
438 839
673 887
301 287
934 560
37 40
206 657
709 238
455 191
278 651
208 874
756 376
624 760
637 264
226 822
465 874
743 903
689 392
766 991
680 676
527 717
716 733
350 401
972 805
593 226
432 801
77 164
153 701
924 791
965 126
589 406
1000 308
285 666
701 27
633 357
703 136
50 395
869 401
796 817
182 365
20 615
143 97
779 296
798 680
63 739
806 653
121 783
961 406
425 638
433 34
995 112
170 22
507 15
423 279
833 605
645 853
196 788
950 976
60 724
632 124
439 414
777 560
173 714
966 598
329 375
632 300
487 802
322 994
818 745
249 627
327 894
456 523
658 382
475 719
82 83
843 521
498 596
57 671
286 1023
246 615
374 878
916 861
657 214
831 451
960 56
54 263
951 510
786 585
892 238
280 974
321 99
471 819
695 528
467 982
527 713
573 901
567 465
738 200
680 545
651 616
601 705
879 528
191 641
90 59
879 370
9 177
470 480
996 141
1008 439
99 511
128 673
388 696
114 102
896 794
647 524
386 225
205 241
753 397
883 843
456 738
190 466
915 660
946 888
801 931
303 901
418 432
550 807
104 664
909 1000
435 533
500 821
758 706
39 487
79 922
307 535
636 497
1001 528
133 924
392 934
831 695
811 225
103 337
8 207
1002 918
184 413
427 684
210 161
366 249
648 445
147 955
981 784
428 958
288 561
858 680
472 665
351 259
891 455
597 899
662 575
793 846
988 196
507 174
357 873
424 1006
295 571
937 252
331 342
186 619
903 21
275 351
686 627
611 553
58 184
429 720
759 198
543 723
395 26
897 752
899 297
734 170
869 648
422 176
990 609
796 869
630 47
197 292
674 808
846 732
992 251
429 727
449 972
426 844
998 299
573 873
597 283
20 442
931 442
618 897
27 390
743 657
438 940
950 88
724 772
821 692
1023 226
395 448
174 821
269 148
96 842
1021 693
101 17
111 9
460 730
906 487
96 625
121 534
541 47
623 241
819 420
933 818
646 304
242 820
101 511
968 198
329 965
891 431
983 1003
440 419
709 322
906 805
948 3
316 465
50 939
707 869
335 616
663 981
921 906
777 1022
393 721
196 723
662 64
130 621
43 570
16 752
892 923
533 816
926 849
258 977
764 965
822 75
557 462
32 454
344 809
453 737
506 649
436 145
713 566
766 756
112 783
484 1005
682 1018
797 584
843 31
537 584
996 336
659 530
798 692
984 118
477 413
855 984
39 268
105 752
834 871
485 947
630 969
928 288
963 701
873 783
733 386
343 705
722 1002
211 496
670 172
614 124
585 446
84 624
714 189
353 524
36 838
447 667
783 351
955 723
29 804
482 762
167 825
443 889
803 655
362 450
827 976
574 388
398 658
1013 88
847 342
613 883
156 36
526 939
388 458
638 417
238 96
155 405
921 598
271 701
229 633
127 32
585 701
421 984
335 410
48 158
752 661
17 908
698 544
823 62
1002 438
479 216
534 634
622 432
208 893
109 438
502 236
470 63
937 891
23 248
277 72
406 5
733 423
913 407
967 713
469 945
127 948
138 661
558 760
69 767
629 178
181 107
414 651
170 327
519 194
575 796
266 981
802 999
381 691
383 324
380 852
246 507
777 384
145 311
120 214
54 749
393 235
856 807
887 2
111 382
196 686
154 462
644 956
438 1
624 821
325 1004
649 571
488 402
955 633
714 51
847 768
800 216
1004 632
0 867
635 111
225 831
797 379
270 417
312 708
418 936
505 744
916 130
291 380
533 223
1013 223
274 837
991 51
29 971
683 29
814 294
140 15
102 938
395 372
331 707
56 750
619 561
470 511
691 761
892 200
984 881
423 235
694 391
286 724
338 969
753 129
240 894
144 342
808 539
714 115
222 770
865 841
307 311
329 998
49 197
175 9
54 598
244 749
989 530
449 304
476 178
433 716
48 577
34 856
93 748
972 315
494 813
133 801
101 462
775 150
659 950
159 713
525 404
438 490
934 887
794 386
42 203
78 90
781 112
947 874
860 895
165 330
684 298
107 785
760 883
935 395
809 71
85 310
475 523
801 385
387 571
772 429
775 850
519 532
963 442
382 799
313 547
106 998
846 213
759 582
72 671
978 882
742 39
168 193
562 969
578 949
517 326
354 268
153 874
800 92
292 158
891 606
705 997
580 527
187 315
86 259
986 40
117 704
79 286
897 641
231 452
567 748
778 921
1016 931
771 792
1023 40
950 891
646 632
864 202
135 27
517 221
287 480
261 404
160 340
690 34
982 922
486 525
646 240
422 639
148 170
407 147
210 334
14 856
966 879
34 77
906 551
299 169
7 560
574 168
901 240
202 859
138 688
360 785
928 782
400 52
952 807
200 138
117 214
994 59
69 4
137 976
556 436
121 563
996 695
731 873
936 933
708 50
597 44
835 502
827 211
554 755
1019 754
894 112
969 864
172 14
869 309
990 401
745 88
964 717
783 672
567 695
581 251
746 155
296 557
657 99
769 187
854 764
942 724
876 887
565 24
901 410
333 868
811 54
956 751
772 715
399 315
387 981
566 109
112 862
666 769
961 411
956 792
151 874
492 4
737 33
28 615
443 362
459 230
416 391
982 164
82 357
479 469
314 22
578 426
884 221
171 822
632 104
590 784
978 58
788 692
92 816
283 535
154 742
766 571
109 724
735 191
57 191
661 372
213 215
798 73
436 970
895 45
50 461
829 4
520 593
696 612
385 979
123 540
697 889
87 806
589 822
998 647
1013 635
1019 202
850 793
276 263
739 147
308 789
609 113
794 105
706 466
717 67
422 840
607 95
706 694
902 271
493 876
918 482
487 913
685 313
683 961
576 398
84 884
164 693
997 958
798 679
400 491
747 822
308 330
918 1014
1 796
261 494
648 156
976 111
45 637
424 728
574 1001
103 659
861 267
328 835
201 103
490 601
594 213
400 902
544 294
892 545
66 130
15 714
286 991
825 331
605 225
36 155
202 139
814 40
406 119
875 607
222 341
184 816
555 584
695 75
878 563
620 944
693 635
634 979
602 435
287 183
661 323
339 863
462 129
903 868
248 754
451 470
72 635
263 627
196 958
702 50
497 298
995 167
933 605
122 511
17 409
695 678
732 10
517 170
139 397
14 388
127 465
858 199
77 97
826 273
31 504
323 529
802 294
696 711
900 818
199 917
204 894
571 936
904 64
83 19
461 97
407 589
563 242
788 640
339 591
913 371
71 212
900 874
507 572
561 383
366 760
276 570
630 847
483 510
911 566
530 349
663 937
938 202
155 702
842 495
269 731
866 341
944 742
191 427
290 752
810 656
489 62
203 95
909 686
606 796
228 112
121 891
25 35
70 181
738 912
676 1007
620 518
324 540
236 515
967 526
244 753
158 733
815 361
828 700
23 410
472 251
522 594
119 548
629 189
729 343
77 381
327 697
899 651
213 111
143 156
637 387
909 795
96 700
133 924
376 156
311 849
408 833
419 527
357 24
716 62
368 793
443 695
467 318
322 680
429 465
837 42
852 722
838 948
399 971
849 775
103 136
600 511
969 1019
14 303
20 730
365 388
500 809
59 967
103 381
623 533
847 436
575 675
135 389
600 534
336 425
285 440
561 886
951 506
881 966
809 901
672 151
265 148
960 324
91 39
706 715
572 529
127 124
180 262
513 780
796 850
181 58
266 742
944 193
225 801
135 10
679 808
161 944
956 97
245 24
137 951
739 709
456 866
833 636
105 323
393 901
149 574
959 415
293 879
608 518
657 744
528 312
528 690
232 460
787 477
484 924
404 199
610 860
42 419
473 147
742 866
24 891
416 984
282 709
839 891
203 472
611 732
784 115
398 1017
575 161
470 36
62 875
235 672
711 277
67 160
424 810
2 449
677 419
409 960
104 224
827 308
697 414
16 457
529 414
450 80
575 921
116 637
772 352
285 459
629 353
620 30
139 622
479 816
17 888
752 122
88 555
430 785
969 446
219 474
860 669
555 411
566 671
25 314
1023 310
774 629
663 370
659 802
992 114
595 1010
1002 323
108 66
879 538
852 824
984 47
275 820
716 830
207 259
477 232
573 477
543 323
82 182
693 741
985 662
855 556
648 833
879 756
899 734
270 727
535 230
774 810
26 467
616 233
726 69
466 275
546 1009
599 628
167 268
345 128
930 176
684 554
1009 540
286 885
250 556
588 785
786 339
571 812
806 163
22 508
233 488
783 779
473 358
384 640
627 729
769 533
906 429
64 891
969 350
752 196
907 317
981 669
656 529
458 438
692 480
946 925
968 705
681 417
40 41
33 667
770 802
176 652
208 240
520 153
591 248
349 474
565 307
119 197
836 577
635 504
33 557
406 1001
239 63
394 279
104 428
946 874
206 98
503 414
339 1023
568 930
247 917
380 813
200 499
1010 12
53 622
517 86
155 923
64 394
986 458
673 66
886 595
940 69
694 419
483 9
418 27
939 666
945 295
455 121
794 441
134 847
39 651
934 195
550 998
589 512
432 239
578 295
834 494
364 504
914 847
513 308
875 428
974 796
723 405
917 494
847 27
317 886
678 227
57 204
201 647
716 634
886 270
929 696
765 269
177 655
92 690
963 967
95 914
739 818
295 633
288 118
660 606
1005 315
833 38
519 11
685 212
645 547
482 550
220 223
819 397
878 911
63 818
855 158
708 570
977 1003
179 241
98 840
847 79
131 657
117 650
668 803
862 289
326 321
839 546
544 634
943 399
521 1007
193 352
141 901
923 94
880 78
336 978
918 159
33 25
816 151
676 460
954 514
749 256
835 564
803 356
174 722
755 696
705 948
24 847
825 947
941 681
2 253
636 920
413 669
946 205
820 598
666 750
88 391
1007 924
956 786
256 106
484 1011
802 166
935 827
1013 736
750 930
393 752
160 5
649 573
675 571
778 471
145 420
198 233
812 181
133 744
967 389
850 427
376 629
593 287
432 582
1023 158
489 393
911 649
398 536
198 49
83 976
521 228
373 719
461 161
900 595
905 843
984 731
246 337
336 840
624 768
398 624
927 887
1017 814
512 391
326 710
441 409
663 962
637 12
657 74
173 533
669 54
352 630
785 598
967 98
414 567
866 813
167 769
676 160
559 165
552 885
875 993
270 514
931 907
526 564
982 699
73 627
753 425
233 515
1023 176
613 414
744 455
203 911
201 879
48 760
20 600
622 896
569 892
386 476
776 913
16 734
588 89
337 318
514 571
833 513
747 422
927 467
877 106
355 54
986 403
815 1006
1003 413
878 548
281 241
0 33
130 16
767 718
105 81
12 619
652 845
108 375
243 12
843 97
118 174
151 80
577 966
63 556
355 941
80 637
158 80
670 288
96 414
1007 201
495 1019
820 123
841 928
498 60
940 317
157 35
491 309
115 44
251 178
600 607
96 680
220 254
760 890
543 856
280 526
33 775
521 853
898 338
758 373
399 674
690 556
709 158
865 825
202 93
1003 803
700 75
459 920
330 196
786 873
28 43
375 62
818 896
915 693
211 649
42 610
300 732
142 1009
890 1008
810 69
77 790
872 777
865 307
673 171
503 435
20 532
478 395
594 273
268 485
966 479
111 1008
65 411
716 207
396 583
191 183
652 268
973 500
21 814
807 694
986 287
106 1006
819 584
378 389
857 646
874 799
101 985
783 166
372 476
373 769
35 565
952 687
833 901
163 855
691 970
525 653
233 631
636 28
192 1014
417 25
636 268
825 737
229 584
903 602
36 252
347 71
817 275
758 627
152 921
458 843
868 983
473 77
591 85
106 783
75 523
808 711
791 609
424 1021
170 303
599 206
555 946
278 349
197 12
976 349
934 410
168 778
369 641
855 960
726 961
719 801
461 504
488 228
89 912
225 259
191 824
466 747
746 744
72 943
756 24
268 666
434 437
420 803
54 252
740 781
189 435
558 650
939 23
879 5
935 80
264 103
905 730
850 627
450 922
547 183
946 815
849 356
228 246
135 283
498 875
40 687
287 598
314 202
621 169
207 533
249 472
636 130
178 462
758 629
360 281
812 282
72 637
638 301
883 773
584 357
625 624
21 912
198 335
90 820
504 298
329 753
770 965
884 948
403 618
553 763
899 341
21 971
979 659
248 838
408 832
172 9
432 193
921 631
528 1012
427 8
286 756
761 32
697 621
980 76
215 510
839 90
851 860
38 806
495 286
621 903
95 793
913 527
986 810
134 490
798 561
498 60
293 235
92 990
857 49
42 48
559 881
139 386
717 177
169 188
463 790
68 558
559 981
62 521
767 196
1011 542
758 485
602 27
720 695
1018 553
744 36
602 279
918 741
665 611
918 834
800 357
600 868
916 135
825 978
656 568
150 643
86 908
104 689
936 825
360 930
354 80
966 956
359 860
673 0
448 567
835 224
925 411
68 817
547 893
771 179
437 921
823 524
806 927
189 718
728 549
624 59
629 566
1015 988
403 665
988 851
208 799
51 109
187 119
926 734
1012 673
913 425
571 712
949 353
616 114
47 320
663 671
379 268
213 371
232 616
12 197
443 220
996 494
330 159
613 232
893 601
906 783
3 453
471 952
806 63
43 853
384 706
500 763
975 713
110 183
306 122
380 749
343 353
220 673
512 833
905 382
411 787
141 414
216 612
342 1022
676 385
851 36
68 327
799 19
17 910
202 323
8 583
48 351
936 268
0 424
78 906
806 489
669 947
903 886
536 221
884 188
607 712
224 675
15 1023
694 32
909 896
355 918
455 404
245 367
672 246
792 750
128 574
215 797
498 94
659 10
316 520
198 923
208 422
574 223
421 244
256 307
116 611
201 572
1015 446
939 664
692 707
390 820
258 606
594 756
700 229
766 1016
749 964
915 957
362 465
157 783
709 413
66 826
0 267
374 1016
714 289
656 382
997 22
179 231
628 773
987 305
1002 729
297 728
669 189
661 7
654 818
790 340
207 857
142 208
100 516
200 814
805 856
173 778
878 352
1009 483
101 972
788 79
677 61
807 322
250 445
329 905
239 96
221 447
953 363
655 29
879 855
844 660
687 1017
415 541
345 400
0 446
349 788
525 2
850 309
325 76
754 654
981 993
750 178
416 679
541 47
709 396
902 529
33 565
522 448
83 867
848 83
289 173
872 814
176 698
99 501
774 853
131 732
823 882
910 215
537 428
263 222
824 141
751 857
707 249
281 790
92 106
873 381
279 721
172 455
395 271
956 146
101 64
878 924
946 764
115 459
168 378
682 993
520 409
826 203
659 84
993 751
190 842
109 469
540 281
925 935
552 857
57 653
921 935
553 843
676 669
279 844
23 961
813 543
346 616
746 1005
700 715
733 890
534 842
335 50
99 236
985 651
70 19
281 991
954 834
811 606
479 66
427 503
3 216
22 349
832 769
331 508
460 40
374 994
882 710
20 981
946 1006
608 1016
1 889
984 955
700 771
538 155
837 965
658 840
157 681
165 990
426 496
474 886
536 849
857 394
535 877
351 457
859 960
450 860
825 410
792 501
157 306
657 994
247 291
810 404
972 975
370 374
448 845
237 984
670 70
355 181
947 706
638 783
642 64
619 444
474 387
945 631
693 578
601 940
870 387
321 818
339 691
169 787
512 406
747 158
476 78
339 399
785 978
158 403
18 778
847 493
141 769
100 835
323 702
751 169
65 48
988 404
740 133
167 228
539 915
387 1015
993 726
390 754
680 549
134 699
303 981
168 444
726 268
255 26
970 1007
195 12
31 159
416 771
292 584
1000 831
475 363
822 444
65 189
175 746
738 309
421 17
266 589
461 993
857 717
1019 804
700 190
816 731
350 208
479 642
792 455
450 243
818 248
688 883
437 863
605 151
148 2
168 414
591 630
383 425
323 378
205 1023
569 1021
730 919
205 185
537 998
640 987
217 434
212 905
294 649
744 899
801 892
902 969
283 469
575 666
894 898
21 75
897 590
72 604
485 278
789 1022
252 406
986 469
840 174
351 110
823 71
1010 600
964 888
546 223
333 97
889 204
996 910
279 869
476 352
449 961
630 215
960 882
621 922
327 437
72 678
548 895
750 534
472 690
398 1018
913 731
91 778
935 63
665 191
933 117
543 358
55 149
573 1015
7 170
913 334
608 985
1013 132
856 739
666 304
405 40
298 294
771 390
48 683
453 713
874 362
831 393
721 886
542 270
877 549
441 766
883 25
727 872
157 559
587 823
864 992
863 138
262 610
528 311
269 982
0 119
320 831
512 17
693 30
288 546
579 729
288 439
754 1015
287 911
551 875
710 391
843 549
529 82
135 34
393 405
1016 393
524 312
201 13
330 894
43 618
417 623
323 705
38 53
697 325
964 224
176 650
615 1020
175 120
78 310
154 471
715 146
864 216
459 41
229 789
936 272
383 329
895 706
10 933
759 707
235 699
931 411
325 522
407 500
643 485
810 797
956 502
944 797
718 379
838 947
144 750
195 527
55 67
209 66
1000 968
773 211
643 681
623 968
179 6
444 822
492 230
596 424
732 516
197 426
895 12
349 15
762 545
542 818
612 751
884 588
695 633
800 314
290 399
258 470
405 702
268 897
932 864
298 641
356 495
43 227
507 393
242 246
938 784
40 526
511 924
90 182
533 890
496 824
265 754
270 671
432 538
544 341
379 842
982 735
314 1
963 821
394 181
43 308
966 83
834 453
1007 925
636 517
791 108
317 33
863 587
704 271
101 224
612 480
43 570
192 357
572 131
154 966
312 198
251 254
281 61
708 265
986 320
782 754
428 75
787 267
662 467
539 763
691 127
220 734
698 412
67 246
543 222
188 855
420 439
86 701
501 794
966 463
90 724
193 518
799 980
786 437
423 301
177 91
428 397
825 102
809 893
348 328
91 537
159 511
976 245
188 453
15 131
917 105
855 86
624 631
43 386
44 466
687 221
557 91
618 359
194 403
228 542
731 319
55 891
830 8
112 1018
461 128
125 354
233 981
441 857
588 484
219 632
950 906
854 484
998 448
843 168
852 47
710 559
366 766
426 172
774 539
166 211
667 292
566 900
249 1007
734 837
467 953
445 393
836 275
877 810
724 696
978 552
743 664
87 85
406 514
257 156
29 424
368 696
716 934
572 965
917 282
778 360
212 199
753 24
475 607
834 175
279 788
727 1023
428 814
84 835
304 342
991 333
766 335
5 458
245 578
399 138
860 153
498 48
352 228
72 827
835 906
1002 90
670 705
89 75
496 174
910 800
516 877
110 258
189 115
716 434
693 91
573 530
244 47
578 596
275 651
400 86
533 378
177 180
60 266
255 556
440 141
332 956
1018 442
190 183
558 906
618 227
997 167
757 217
214 312
814 490
963 190
576 472
568 753
652 628
1020 907
160 436
24 493
369 19
935 559
202 469
442 820
697 415
987 430
633 178
742 423
668 681
613 220
130 157
974 782
786 970
666 946
382 690
415 751
709 327
287 912
796 729
708 469
120 672
900 753
850 618
152 494
276 765
714 406
923 664
164 685
610 830
607 993
497 1023
720 182
326 1007
70 98
712 779
568 833
427 444
562 253
38 715
747 314
456 437
720 355
78 885
16 688
691 624
657 164
623 354
347 949
337 417
23 26
172 591
859 599
11 397
852 50
88 575
364 545
1013 61
900 67
946 917
755 613
517 389
778 116
743 101
41 56
518 64
82 691
656 941
266 667
315 95
717 403
670 58
948 659
119 825
726 41
718 458
654 211
847 408
327 566
509 368
622 4
432 705
695 64
622 961
732 937
32 425
317 703
483 241
338 602
42 41
643 760
499 274
971 322
682 274
888 168
642 486
172 51
167 867
115 790
804 847
703 837
249 1020
516 732
238 854
311 280
895 954
17 370
204 988
692 887
239 556
31 881
19 203
932 186
46 24
976 850
871 656
663 96
652 155
829 890
1010 116
147 881
46 164
228 251
128 920
114 367
453 145
225 472
348 133
658 394
157 611
220 5
243 884
101 895
15 930
762 1
22 909
883 69
49 87
320 177
1007 434
545 436
579 770
908 927
903 543
297 37
130 517
42 373
377 143
244 393
50 1006
394 72
891 253
141 940
340 461
94 324
895 639
760 450
385 645
353 264
164 650
301 294
144 343
667 521
487 911
914 537
894 285
609 761
538 751
678 879
188 772
179 60
387 939
510 772
560 864
12 724
490 314
1018 634
657 661
132 120
549 22
657 419
307 243
156 846
994 834
701 158
582 880
218 969
795 729
717 332
569 730
32 35
20 27
670 677
688 802
798 213
824 431
632 108
674 789
954 644
599 631
803 158
487 1021
103 258
726 821
590 271
527 623
307 547
650 977
200 314
755 998
528 555
406 136
663 56
925 593
701 501
200 480
659 687
477 762
946 180
559 512
451 62
111 758
609 761
711 810
52 442
784 580
998 166
716 637
223 618
207 924
95 407
380 754
71 857
492 1017
13 28
505 465
90 617
199 700
354 911
486 406
329 246
986 303
413 679
941 636
273 124
536 368
531 916
98 602
749 590
595 763
618 77
204 709
694 403
385 24
290 871
431 620
93 393
923 506
48 840
118 321
964 654
689 472
546 787
50 272
354 646
11 972
723 215
657 393
618 18
417 909
889 848
505 983
218 404
465 266
221 584
588 161
214 253
633 761
17 684
9 371
306 20
319 5
235 977
398 853
995 815
738 861
640 219
820 858
624 261
100 845
845 688
1006 36
942 616
797 959
276 806
306 582
826 625
587 37
578 985
890 550
776 605
387 392
824 183
226 424
444 327
245 266
1015 228
302 933
844 75
868 96
881 150
678 683
776 241
720 330
202 586
880 978
167 243
347 992
426 573
392 871
900 638
113 892
866 415
801 686
490 646
782 347
796 436
6 548
677 726
879 879
288 735
833 456
979 156
424 381
730 816
228 606
430 341
474 272
756 252
958 222
898 716
569 670
128 575
195 805
277 50
660 566
785 470
1022 740
626 422
98 332
214 326
939 645
668 389
917 400
641 852
623 515
544 168
162 673
744 357
454 1021
407 91
563 168
561 561
909 163
983 1007
496 174
309 411
819 977
800 712
354 418
540 977
933 61
121 71
734 865
428 164
863 835
255 402
1004 816
964 889
980 923
872 452
73 157
863 892
111 639
581 465
33 97
418 967
158 539
14 892
381 443
33 220
254 288
622 234
81 562
99 37
462 971
489 535
105 328
404 216
967 985
681 1001
58 75
944 217
614 958
85 995
377 118
191 632
407 814
866 488
352 966
525 814
913 1014
326 1018
318 730
210 261
691 891
238 749
966 158
966 557
93 28
528 470
146 720
78 553
510 945
17 862
887 542
653 776
532 979
771 850
685 981
88 352
849 326
77 791
485 20
324 578
48 853
24 194
549 103
748 35
24 765
897 911
284 526
663 816
481 410
643 142
368 731
494 193
33 572
984 518
592 285
72 640
114 97
834 663
200 558
698 224
300 571
111 584
74 774
376 555
161 1019
698 529
726 168
722 760
740 682
254 308
967 327
948 57
424 759
720 624
293 394
848 593
966 959
153 16
709 530
571 870
525 245
375 228
414 73
988 130
756 218
439 699
545 363
757 969
98 453
569 392
848 393
985 790
328 115
806 14
645 353
884 146
599 236
374 1013
309 338
119 41
557 558
741 78
922 474
24 1020
927 593
388 751
987 350
517 291
465 299
305 86
653 166
232 228
402 607
217 711
945 336
753 478
895 470
557 793
944 581
789 847
150 154
575 113
504 68
405 969
368 710
31 1021
876 263
225 254
870 442
966 792
778 695
246 649
141 803
418 61
360 184
908 511
338 459
624 842
528 5
787 896
716 818
893 568
57 94
823 928
536 765
696 290
436 942
940 577
722 334
638 58
518 522
569 856
982 170
674 486
175 437
358 891
231 227
436 289
321 235
193 857
1000 889
123 412
807 39
989 505
374 603
564 892
101 109
725 59
279 375
545 455
813 903
322 20
106 758
309 427
993 502
260 969
367 384
357 151
423 322
656 797
925 196
666 3
306 367
62 585
742 608
16 531
487 339
552 594
73 861
1021 43
340 258
1012 707
642 346
858 41
668 491
839 570
687 481
573 993
848 635
555 566
219 571
74 707
910 626
277 984
463 274
3 803
532 1015
487 150
337 321
192 1006
812 7
552 476
488 101
445 312
736 1000
878 956
548 952
639 434
554 916
394 1018
166 397
797 699
389 260
849 726
582 17
708 370
24 236
846 512
337 268
824 50
244 679
1006 792
607 621
203 138
513 597
132 679
995 929
354 360
166 180
62 748
197 771
94 222
1007 941
734 321
185 535
371 429
190 353
198 797
974 401
935 463
998 43
118 969
973 473
305 115
653 368
863 850
115 957
48 98
874 783
419 35
294 790
465 484
119 663
257 69
40 169
532 14
212 651
984 161
100 265
276 753
633 115
579 748
49 628
847 923
387 242
959 681
9 400
141 128
39 398
198 79
567 730
93 780
357 53
941 457
319 194
186 952
309 766
677 358
370 500
258 757
742 193
414 751
593 555
880 632
953 54
711 497
784 804
253 118
858 170
575 153
364 762
81 674
504 758
8 874
234 266
607 977
459 1021
704 28
552 560
660 481
614 347
978 375
128 207
493 986
378 44
115 742
806 196
392 286
955 401
136 165
667 743
118 103
740 823
131 268
359 792
750 974
115 704
325 243
912 818
205 266
862 320
1008 645
517 377
931 448
778 44
613 421
787 732
524 504
531 656
772 890
424 498
840 539
179 141
783 67
959 988
333 798
285 317
419 802
694 326
226 448
370 839
870 134
547 370
638 54
2 386
945 426
885 761
966 40
903 725
107 838
689 440
612 974
757 7
752 428
334 978
876 704
794 722
838 317
69 452
372 71
839 293
498 700
30 440
740 933
141 847
748 830
263 336
781 1020
344 509
424 678
464 277
358 234
999 173
551 44
625 923
116 440
192 614
116 223
30 856
132 171
679 880
1001 942
193 758
939 537
244 339
191 708
616 549
942 592
722 469
636 324
369 752
764 561
342 881
784 372
713 917
543 369
773 521
287 966
255 202
479 499
542 670
183 134
196 101
726 918
571 339
218 940
67 983
477 410
840 238
782 529
131 302
898 904
823 162
847 54
364 302
554 906
973 737
17 145
839 743
39 386
58 258
302 126
217 779
536 33
1017 294
562 124
596 437
5 395
599 852
450 963
130 1004
846 79
717 863
224 532
582 264
918 641
522 196
767 739
976 279
772 969
573 310
70 146
747 75
541 322
927 991
262 33
971 84
113 665
947 337
173 505
601 68
122 99
264 889
838 216
144 586
162 718
897 232
864 620
307 381
943 210
349 181
243 296
265 356
961 188
694 111
693 271
179 816
371 443
681 185
660 826
772 822
520 645
30 360
241 337
741 160
547 66
341 790
363 606
123 300
794 817
411 464
64 590
256 435
10 937
621 670
739 369
468 235
1014 498
595 231
835 313
392 358
379 733
124 742
316 247
19 86
40 430
550 105
1021 806
540 7
720 137
677 435
506 121
671 496
619 242
728 430
555 96
788 935
829 912
653 121
136 672
208 176
79 758
281 76
541 822
83 237
959 760
672 442
881 319
938 476
562 642
906 93
738 670
4 544
558 658
665 694
306 873
871 385
608 128
461 125
950 544
362 886
280 10
304 137
330 218
613 892
861 495
985 575
141 990
95 700
624 761
370 930
610 217
292 194
346 753
319 272
274 681
134 554
692 438
692 1022
657 281
890 494
777 851
45 918
817 141
594 417
902 965
324 488
158 616
683 504
345 1002
777 619
660 911
150 328
326 842
326 983
99 192
453 876
19 498
771 837
639 341
230 517
282 554
1006 441
146 665
945 492
643 698
87 279
586 237
607 912
55 933
871 155
101 300
7 121
798 778
958 414
96 164
931 378
719 913
819 865
554 741
333 174
415 421
453 1001
658 37
889 714
970 736
869 48
12 876
169 811
631 103
201 727
267 108
81 986
1022 901
828 552
618 137
726 9
558 156
1011 193
193 876
907 139
589 752
187 601
604 356
388 211
459 589
938 727
698 1020
689 696
897 493
224 491
631 951
500 165
83 487
358 276
340 241
415 929
993 603
506 574
959 895
785 395
460 700
98 134
696 787
830 569
257 31
36 888
982 536
29 41
0 388
317 340
629 732
245 599
311 751
149 247
622 934
642 59
610 740
193 282
503 0
851 760
31 887
624 1013
400 654
30 400
18 347
740 647
55 985
222 367
712 371
614 311
282 232
370 892
972 563
151 451
563 1002
188 594
866 812
583 242
442 613
642 460
960 358
84 1016
319 306
359 7
678 973
318 960
181 688
828 129
228 979
580 791
958 768
362 800
557 945
18 999
535 660
436 471
1018 520
463 313
826 822
320 480
771 639
416 952
303 221
57 531
176 638
299 110
382 661
910 939
582 928
915 93
564 327
565 558
847 4
871 649
827 168
106 574
807 522
503 86
743 560
618 920
174 917
6 557
554 917
472 112
821 363
206 362
690 771
920 513
775 768
139 578
936 245
129 719
767 632
805 487
168 399
383 343
292 389
900 846
282 348
959 80
712 141
442 378
912 338
892 663
82 7
218 1018
252 347
713 1019
979 495
482 123
894 865
466 163
231 342
1009 513
691 944
593 379
61 11
757 973
350 625
613 432
632 831
427 884
154 116
880 109
611 338
232 482
180 699
645 411
17 630
924 708
551 494
63 612
505 821
562 855
422 151
264 31
982 691
915 112
807 771
221 395
86 453
877 266
128 498
677 146
104 577
854 655
47 918
244 553
715 806
384 113
957 648
144 915
315 36
3 99
807 224
494 893
677 347
135 806
845 812
952 949
366 782
581 413
676 825
966 367
607 327
481 540
975 625
431 267
661 434
366 445
658 860
314 311
183 450
93 4
238 21
953 604
804 510
1018 456
311 960
824 918
263 281
434 215
906 865
482 544
275 848
989 933
684 279
221 867
729 314
871 968
336 800
548 116
287 542
572 598
479 372
493 742
653 927
957 536
769 415
56 20
239 21
954 923
300 151
766 6
465 613
974 801
390 498
917 677
17 466
251 496
838 744
214 468
648 148
1004 393
563 36
413 803
57 343
702 357
494 445
363 960
34 313
737 424
812 631
77 829
73 329
301 911
49 515
355 697
663 335
66 203
371 480
1006 428
823 684
786 294
105 125
230 140
439 967
564 227
574 642
32 647
971 333
535 1020
848 890
694 488
202 760
691 573
216 673
1002 16
333 764
310 439
889 540
579 304
483 119
531 34
761 563
681 708
896 192
705 721
59 375
185 261
111 876
834 328
525 812
344 858
552 654
273 418
170 852
722 653
972 230
687 709
793 345
394 666
537 75
363 596
450 548
857 561
400 668
889 925
456 209
759 1009
863 9
403 9
861 101
663 809
331 326
495 101
671 889
767 185
964 106
781 390
654 615
951 30
259 817
955 715
2 690
700 866
699 79
875 537
181 514
322 512
841 817
613 488
682 356
673 622
462 431
1012 92
22 940
122 281
733 53
996 735
744 673
577 419
752 429
956 933
943 255
422 760
48 11
225 731
368 898
329 830
305 318
923 327
234 21
608 967
75 581
678 819
230 232
214 982
661 147
892 580
402 290
317 450
301 542
157 669
416 487
476 722
805 375
25 15
396 634
982 471
191 636
266 421
868 481
379 505
628 247
62 6
537 379
456 839
921 614
484 313
77 960
11 882
311 37
897 708
671 855
155 862
467 422
259 312
903 638
817 507
886 879
513 399
234 969
214 131
559 699
445 636
635 456
494 947
493 367
631 140
198 786
1002 666
184 237
978 63
876 771
570 738
627 59
113 861
5 328
993 564
3 414
177 638
870 671
561 340
15 168
480 213
955 459
879 115
696 833
179 548
581 749
262 184
809 376
21 814
704 1014
354 707
404 531
321 251
179 883
591 194
27 47
407 982
506 263
74 179
72 253
727 653
1002 990
837 787
342 859
577 22
849 932
729 230
439 26
481 618
909 48
812 937
95 196
895 602
459 969
781 531
198 484
161 177
450 998
964 792
833 518
814 659
426 519
889 865
546 346
460 431
394 248
344 489
444 216
67 903
161 848
411 360
309 572
537 759
546 477
528 356
995 318
1015 397
838 880
239 360
202 699
791 596
947 112
61 368
328 129
247 489
977 658
849 262
206 362
1022 753
840 526
85 811
844 76
185 658
956 424
1018 134
99 786
730 22
898 791
390 202
920 638
691 874
272 517
112 479
879 110
208 695
636 293
483 457
369 668
91 301
68 86
435 167
872 141
189 746
932 580
948 829
194 615
679 466
108 791
945 988
902 129
659 514
422 118
971 791
786 39
68 854
125 503
1021 997
644 187
719 553
767 643
358 961
234 13
403 343
804 325
307 682
454 966
173 877
61 120
644 847
159 713
678 284
192 675
257 837
862 976
366 605
595 724
542 830
737 946
149 517
247 456
176 701
398 349
554 459
469 175
283 629
888 961
913 56
612 147
893 451
99 235
32 695
959 575
501 672
497 650
166 744
82 342
421 480
691 976
940 136
127 199
765 1015
136 655
47 748
802 941
175 901
152 208
572 88
783 49
760 256
699 926
1000 781
244 397
238 935
349 154
48 476
353 813
467 489
444 515
213 222
432 389
100 584
597 672
672 356
722 409
612 397
311 588
155 556
985 393
467 311
547 515
787 900
305 231
365 749
746 578
972 154
967 48
738 540
720 387
896 418
796 484
816 83
48 971
639 10
340 83
321 887
598 84
763 903
315 104
629 37
682 577
191 626
625 930
142 321
293 15
740 65
499 532
148 548
479 788
558 819
871 879
682 445
963 421
325 255
525 954
292 183
507 484
809 108
390 952
429 683
967 145
748 442
677 896
990 132
660 524
951 507
379 609
953 319
6 254
574 531
184 866
715 691
326 500
799 716
428 204
375 371
350 99
814 3
996 780
136 632
281 63
116 660
673 45
979 679
299 529
187 483
372 902
150 698
378 949
391 807
129 766
154 479
866 968
483 838
725 619
446 1006
682 562
642 331
607 598
1011 906
103 174
365 475
52 515
150 430
440 541
213 570
283 368
25 125
312 508
963 13
103 386
1019 786
948 638
93 532
212 80
414 315
254 780
791 306
271 941
737 712
458 950
258 741
294 283
867 607
792 806
620 895
168 616
657 93
230 751
625 442
831 15
757 62
795 524
368 43
441 81
755 899
8 1013
617 302
272 460
909 40
242 506
936 411
98 569
504 328
296 105
770 104
120 503
166 916
4 534
959 445
616 690
321 624
679 938
926 951
374 812
992 616
294 904
3 392
449 507
720 746
612 466
850 733
969 1016
625 973
526 560
395 118
226 716
742 905
630 645
832 1004
433 800
596 727
680 600
95 106
83 815
852 696
257 678
405 202
670 6
152 172
566 547
291 792
239 9
673 869
654 481
849 63
258 421
790 938
1021 885
20 81
676 872
777 933
526 158
112 172
164 264
345 730
811 636
498 26
645 147
895 276
628 720
339 886
117 106
801 115
991 821
196 644
670 973
553 172
107 665
345 271
929 690
1001 716
302 475
742 947
622 613
199 226
309 539
89 427
645 890
542 612
687 738
232 333
687 786
506 794
427 851
41 333
517 18
25 819
493 768
742 91
357 942
317 667
457 406
70 78
272 612
690 960
326 923
269 1013
685 775
783 88
602 824
421 95
842 447
914 311
191 633
402 548
551 719
191 1008
102 261
62 374
873 752
310 175
651 580
164 312
331 947
401 934
747 822
5 565
245 920
876 436
529 254
985 56
974 152
40 52
414 102
426 263
854 737
439 482
293 603
794 624
527 171
534 250
994 540
816 215
436 668
652 965
923 613
1021 873
765 37
925 155
139 327
419 993
40 858
451 333
437 222
958 964
393 468
191 363
1008 1007
579 420
651 207
361 550
820 358
399 561
395 300
717 534
628 112
504 668
970 955
1002 383
153 936
324 547
380 515
910 365
498 465
785 125
672 123
676 468
481 51
6 877
352 723
387 980
835 891
624 781
823 602
140 976
514 464
499 895
979 386
236 453
851 1021
579 500
120 231
968 602
282 974
455 634
673 842
590 484
710 191
241 509
793 382
461 284
846 961
155 802
323 391
231 150
388 810
650 509
17 595
87 300
545 542
934 195
360 501
679 46
692 921
555 461
279 1017
745 101
954 900
903 253
267 111
403 656
921 30
141 939
625 228
215 146
770 125
341 106
626 1021
153 294
918 708
756 173
701 477
274 631
354 154
884 621
265 264
253 162
294 394
77 919
622 292
41 368
418 383
475 20
380 628
315 274
312 47
447 1014
524 721
621 878
875 482
476 116
746 729
279 16
100 356
935 722
649 976
67 43
335 542
63 715
146 378
989 458
425 412
448 950
110 46
804 985
528 256
78 250
986 357
266 62
713 177
784 338
129 851
381 465
369 445
156 515
823 122
974 225
534 398
151 644
444 955
606 972
188 684
198 150
17 464
212 730
641 996
45 771
824 426
212 169
871 368
685 671
490 635
896 1
9 23
645 454
978 227
402 142
911 601
292 928
41 504
635 683
477 680
430 277
82 642
446 954
1010 107
601 477
742 473
478 752
496 99
182 450
327 584
593 214
161 885
119 203
366 754
886 843
410 292
96 492
934 542
422 920
650 1023
373 368
472 851
96 968
951 278
395 254
863 988
468 0
849 587
203 191
317 65
10 727
357 106
196 267
649 618
164 275
618 537
643 66
365 740
11 292
1018 406
546 857
370 1014
858 195
578 37
387 895
103 397
599 460
504 795
728 129
389 892
404 1007
405 23
50 770
763 61
38 758
467 584
591 837
575 425
8 129
463 395
0 566
793 599
2 273
370 730
402 760
598 806
743 1004
829 793
750 569
854 789
303 297
349 894
110 924
296 119
29 759
514 30
301 283
629 303
556 1000
10 958
736 608
740 455
588 546
225 315
91 55
80 394
353 429
264 463
330 560
582 359
295 73
389 596
356 1019
900 913
995 910
847 707
494 564
138 59
86 363
374 177
419 454
571 772
883 835
211 189
372 794
549 667
867 938
240 199
933 116
88 904
2 936
587 496
476 726
555 562
65 929
739 484
359 286
232 219
97 444
408 469
214 957
113 57
872 353
256 781
469 345
662 471
257 225
967 733
951 499
271 1017
404 1010
477 764
272 710
983 369
130 367
839 344
301 952
401 149
281 657
930 750
1002 568
197 235
794 140
968 721
639 215
714 20
201 168
784 473
878 743
843 1008
86 658
328 387
586 729
536 867
362 443
593 341
1011 790
576 781
930 521
479 546
736 169
566 938
337 326
387 191
45 206
175 131
864 503
519 426
208 31
269 571
474 862
912 462
628 464
219 535
985 698
57 698
868 623
612 181
949 999
373 994
182 548
101 22
28 620
449 236
652 718
807 102
557 695
564 161
136 784
696 97
458 753
795 302
352 383
484 277
359 857
247 541
381 349
563 409
969 1012
646 597
707 429
700 240
101 240
401 237
0 74
334 459
827 106
761 156
489 221
433 848
54 681
365 436
6 929
845 975
917 467
549 600
897 225
840 998
465 218
211 466
292 545
925 95
651 662
251 117
884 685
965 938
342 307
350 348
212 172
299 105
639 848
706 512
49 522
486 515
740 697
981 8
219 882
104 870
520 355
987 380
16 929
295 358
212 645
706 424
817 1006
529 433
830 211
945 880
734 408
371 450
81 328
459 300
186 563
147 706
918 110
63 935
15 358
269 227
1003 976
651 797
958 157
206 764
368 127
620 78
535 991
529 617
295 988
917 481
527 40
164 421
151 227
332 166
585 602
394 564
554 21
337 488
178 543
228 547
671 849
625 182
816 130
799 88
94 693
569 621
733 733
19 884
960 351
27 521
953 421
62 483
442 399
971 621
943 176
144 590
1 769
772 817
900 548
905 994
217 451
592 950
160 611
811 97
962 838
618 892
235 680
351 677
56 299
274 999
475 418
565 476
164 313
269 40
861 151
10 54
602 602
1005 762
189 792
859 128
606 454
1020 841
110 347
494 166
646 769
141 97
163 706
573 327
1020 843
367 857
994 378
912 572
980 893
310 146
661 146
274 243
600 270
60 710
617 554
877 240
299 1018
337 463
701 911
790 697
730 134
530 700
512 418
248 468
287 558
614 948
704 888
167 280
134 227
991 752
782 844
992 57
838 305
520 515
192 287
188 922
421 719
598 933
113 846
377 401
381 992
325 61
856 493
342 991
720 309
719 478
129 687
536 967
992 32
459 161
319 647
59 740
342 658
649 456
480 3
857 861
995 158
923 827
651 241
794 348
550 489
826 679
152 338
622 121
371 57
282 690
705 341
407 23
999 32
479 456
35 312
293 6
471 192
834 98
433 604
446 983
70 249
638 222
587 237
343 958
294 625
625 999
967 8
1023 942
40 478
374 76
791 668
82 238
860 916
336 270
497 783
229 567
8 868
789 595
81 109
530 375
734 131
351 677
139 350
596 179
828 970
255 595
614 338
833 451
230 146
721 727
929 950
270 937
794 36
508 875
145 14
227 879
145 578
533 284
928 105
464 732
51 719
304 666
33 113
93 264
259 814
991 164
740 238
77 511
274 586
362 419
600 589
274 746
143 807
6 47
912 470
780 964
166 60
606 199
173 699
463 433
489 431
597 205
669 675
716 943
237 55
338 837
644 612
559 788
396 566
835 284
12 591
224 178
651 830
378 825
505 841
234 994
248 831
176 917
482 892
836 719
947 150
533 568
763 68
332 135
634 143
419 647
735 644
825 362
450 179
163 956
1021 397
926 245
205 78
139 687
971 975
383 894
102 916
438 865
984 770
1000 595
914 395
218 625
15 19
987 466
199 127
398 196
524 300
441 729
379 580
393 326
532 776
196 634
668 635
475 628
381 451
199 271
846 417
896 862
437 860
304 636
987 702
832 487
1002 249
193 357
830 586
683 338
338 880
972 1006
491 423
610 872
874 810
120 696
203 1016
534 640
852 838
252 815
516 60
279 495
310 472
852 116
34 512
454 372
368 402
354 859
825 964
707 675
750 827
347 954
820 882
570 648
696 823
440 189
883 719
684 169
167 512
285 201
0 739
573 368
117 927
203 942
867 911
593 594
714 941
524 510
799 70
135 471
893 575
660 753
270 320
922 437
833 184
638 833
923 187
178 17
90 381
959 957
268 529
527 983
446 27
469 221
98 604
692 991
155 329
720 425
649 619
862 458
803 476
268 702
663 446
719 753
827 655
687 72
160 190
31 606
218 500
827 316
81 495
283 236
824 1004
662 450
599 500
908 378
977 152
56 616
598 776
346 402
407 9
474 567
199 505
149 417
1005 976
733 62
447 1017
299 248
997 961
698 572
437 582
950 390
735 1006
1007 309
758 329
711 141
338 161
708 537
666 857
955 648
809 664
710 233
657 1009
481 630
946 155
178 360
737 104
750 448
87 733
758 845
38 445
987 376
607 671
914 249
505 845
897 290
485 584
523 119
569 1004
749 492
135 928
852 873
8 578
297 95
288 31
941 326
477 904
703 60
551 593
309 32
414 183
323 899
767 846
1018 312
827 744
804 962
648 632
811 656
187 85
752 475
116 669
801 593
549 480
653 76
49 963
109 463
122 432
339 889
254 333
177 57
53 982
1020 701
590 807
334 777
892 62
228 1009
731 6
578 256
486 208
332 536
147 441
999 269
873 314
134 104
648 311
161 701
269 157
379 860
965 713
613 833
775 842
818 482
848 373
738 310
581 46
846 728
488 822
997 337
112 107
441 760
418 603
438 688
760 817
524 701
506 113
511 257
955 305
739 779
678 453
66 235
499 912
963 987
710 936
301 823
19 742
559 438
321 997
102 58
790 626
759 272
739 246
529 671
552 244
426 206
697 492
442 173
381 381
136 67
294 437
890 313
156 426
751 477
399 853
535 166
455 271
438 171
517 968
842 45
188 244
252 886
737 694
35 94
51 171
161 345
609 28
659 765
454 386
218 853
216 754
1019 671
1 434
842 518
378 660
564 566
905 816
428 618
486 463
712 537
635 873
883 220
901 518
985 331
904 179
161 96
933 156
768 934
590 586
429 968
223 993
511 104
785 939
722 247
379 410
784 1014
259 643
210 137
137 171
468 18
350 629
114 260
786 882
170 352
445 599
297 668
568 808
772 329
723 470
576 78
880 337
68 115
980 278
252 94
449 721
112 800
326 226
36 88
85 206
441 530
806 738
174 350
522 946
680 221
392 232
300 248
569 368
363 526
647 616
620 72
313 732
872 639
958 908
728 19
91 145
549 897
883 723
223 381
645 903
602 13
112 902
261 681
247 625
183 894
217 803
966 530
511 815
145 446
699 873
465 790
1018 1015
663 877
714 887
234 336
766 837
349 878
715 611
536 962
212 719
832 429
499 775
959 1010
566 80
432 241
954 898
8 948
889 671
802 579
534 12
915 277
849 241
131 541
852 667
479 40
363 288
469 862
39 404
848 605
484 257
846 414
131 854
339 1020
502 117
575 12
129 467
289 979
708 421
496 536
64 975
576 427
239 21
265 278
425 90
883 909
347 706
300 478
536 639
474 14
756 25
27 885
492 316
840 176
737 312
712 802
264 264
205 503
285 471
782 710
561 641
596 908
323 896
362 860
511 836
874 243
861 901
104 330
194 945
506 931
233 195
709 497
459 915
1001 745
362 759
431 923
376 3
807 700
899 145
536 386
981 386
629 818
264 734
124 458
655 631
365 888
826 51
362 261
966 339
1006 304
74 414
203 450
417 1010
126 293
131 662
679 88
25 285
906 289
1019 7
747 650
638 88
514 440
139 876
701 81
191 684
385 265
74 588
716 491
574 842
784 705
481 440
793 506
725 676
795 720
683 518
346 297
606 860
737 746
713 414
827 904
74 189
146 148
777 862
640 328
680 400
9 137
840 803
643 541
455 414
237 114
932 583
411 515
420 124
237 109
538 40
1013 613
229 135
761 1007
997 377
311 654
778 320
791 594
99 411
112 554
825 349
668 734
933 55
225 329
179 462
438 718
502 427
307 732
563 44
715 536
422 2
166 176
322 958
770 422
345 882
976 146
208 621
880 117
676 81
446 856
543 884
550 22
287 857
754 850
901 445
363 299
447 529
475 769
463 222
167 808
80 120
955 288
741 811
405 393
893 851
225 412
711 775
434 999
608 164
825 486
609 164
785 32
694 237
802 133
459 969
942 539
65 873
828 806
660 209
176 529
37 401
942 748
153 352
723 761
517 525
223 102
689 1009
135 359
222 937
493 681
882 411
196 948
260 0
730 920
210 906
426 247
284 344
995 437
696 695
174 189
196 398
292 885
383 427
221 605
340 714
262 198
101 458
122 361
459 853
257 669
735 683
916 1019
3 887
432 700
558 607
889 754
1005 157
616 364
584 837
969 924
527 207
99 628
665 221
989 100
50 222
769 786
906 661
781 909
525 190
585 59
797 451
814 778
608 406
118 169
219 63
69 746
270 168
350 935
390 315
12 440
537 781
202 419
419 984
305 944
150 890
1003 947
317 793
701 926
175 819
71 394
882 140
116 128
309 466
39 699
781 51
115 295
833 318
714 228
278 1019
148 428
886 127
351 179
921 28
81 72
847 152
467 705
293 583
833 602
26 872
277 807
924 392
78 733
710 793
961 988
788 85
392 650
212 743
830 109
771 911
182 594
40 649
275 333
208 84
935 234
957 188
18 857
580 96
566 267
889 503
231 654
588 624
280 800
343 86
910 91
998 68
685 14
717 961
347 925
21 258
136 978
446 154
811 2
250 353
269 116
856 501
770 420
101 26
197 444
113 83
535 87
151 197
101 868
134 448
769 155
706 905
110 128
35 921
130 286
251 400
402 83
901 148
504 1002
174 701
422 287
784 958
374 935
131 475
779 265
923 524
420 605
406 530
733 441
428 864
727 679
240 105
762 117
253 242
95 428
943 517
715 703
451 66
614 582
541 369
847 441
894 244
22 276
774 756
717 178
596 421
857 836
526 596
953 780
838 24
184 758
541 899
437 993
965 28
551 483
397 375
924 267
619 946
543 369
678 237
548 250
658 381
62 160
977 1015
940 792
15 100
526 557
1000 963
526 941
991 53
400 365
428 300
632 23
223 152
393 901
389 941
128 23
298 190
183 252
182 100
20 197
200 546
754 176
485 256
94 453
310 494
818 738
795 426
762 1018
578 131
895 967
48 1023
990 346
190 150
598 372
250 618
569 450
140 300
627 626
556 721
55 866
191 873
581 986
275 319
980 854
450 852
797 498
851 764
844 17
914 419
389 140
13 959
590 154
235 193
780 791
914 835
634 82
684 191
44 959
510 1
789 960
853 563
434 680
303 254
698 193
673 63
333 687
1022 923
841 233
93 597
1 1007
408 635
65 68
826 110
3 312
111 793
248 964
332 682
620 635
936 294
828 586
358 137
249 356
36 66
590 129
663 591
113 47
202 178
115 4
288 118
316 399
911 564
339 219
222 960
854 134
230 658
720 588
795 969
945 832
11 511
961 674
78 50
721 280
229 836
284 517
955 600
917 842
140 232
38 362
168 892
496 399
527 193
987 298
138 908
106 150
395 44
824 473
94 522
753 323
334 13
841 265
613 734
84 753
966 122
91 111
1014 588
510 517
781 473
816 919
358 922
45 753
966 870
203 37
368 956
360 702
970 177
968 559
911 28
289 854
150 380
965 140
968 451
658 725
924 450
621 258
348 666
1012 291
512 191
328 880
123 688
559 69
866 503
629 753
531 918
583 681
274 524
821 219
975 455
944 876
905 541
110 230
184 98
521 696
289 849
553 413
513 88
482 355
591 87
85 98
1005 668
779 256
169 576
475 120
8 395
996 913
937 83
119 97
181 640
793 471
465 322
884 979
410 342
310 1001
430 395
75 411
40 854
667 209
407 118
329 415
514 302
304 427
385 424
524 566
40 293
13 506
616 897
461 2
216 771
1004 646
143 55
33 183
910 701
392 293
819 721
708 309
1023 1012
736 384
412 236
951 453
530 964
959 122
838 396
124 30
143 104
676 286
160 709
469 46
386 861
339 182
559 23
491 558
11 204
943 424
440 870
877 970
810 812
68 624
184 193
654 327
297 306
614 457
1016 59
503 378
921 842
560 456
865 28
1014 877
232 933
277 672
779 130
619 566
942 687
166 102
880 821
429 154
103 19
611 95
79 91
474 1000
933 10
432 775
38 422
628 270
332 905
943 87
11 538
653 953
201 820
31 58
617 460
212 720
480 823
816 559
914 266
535 824
276 967
575 315
365 179
585 697
60 504
785 71
18 414
0 220
210 31
278 827
491 490
524 971
289 316
506 180
582 17
1004 858
984 555
149 326
734 735
1023 794
215 784
865 234
175 865
454 385
896 732
189 363
198 713
311 487
5 817
667 587
835 647
421 795
178 571
97 912
282 97
682 497
881 523
731 32
364 161
418 236
893 607
600 67
296 911
555 301
704 198
888 515
846 285
287 0
856 384
913 114
481 571
612 339
71 319
371 435
481 789
672 350
372 248
418 668
135 973
969 839
147 833
331 993
95 618
994 951
1002 883
42 460
430 654
799 501
973 146
937 430
936 585
781 284
833 175
953 968
124 898
783 271
708 90
241 803
708 211
730 687
70 772
123 500
402 922
1002 352
44 915
782 980
476 539
241 285
714 170
229 838
44 1012
86 752
79 327
531 787
538 238
450 608
1010 573
84 389
471 62
741 516
977 499
472 429
15 713
714 729
883 943
544 928
932 630
656 1011
957 164
774 471
402 201
55 388
774 139
777 222
202 494
738 155
994 186
585 1009
900 275
714 759
195 234
663 103
864 296
90 797
460 864
244 862
41 299
226 816
439 1004
14 641
474 752
796 444
938 357
429 814
633 120
550 828
354 189
931 195
485 1021
992 945
861 213
783 903
512 1010
695 951
990 709
568 440
437 341
885 351
698 290
142 307
410 692
111 765
881 18
960 343
15 928
264 877
117 24
756 630
10 427
557 1000
112 102
416 549
443 277
900 117
568 18
425 978
710 536
719 568
555 655
911 570
560 151
423 677
175 155
283 185
582 841
161 694
943 578
219 362
855 96
479 399
114 904
354 825
417 49
369 972
705 256
518 241
407 942
918 583
73 178
768 656
1019 930
326 938
484 546
276 315
642 755
715 756
636 45
557 29
94 926
1001 799
158 495
16 566
413 935
125 487
89 893
119 84
799 445
1022 259
991 274
575 609
5 266
342 641
311 899
670 405
802 647
181 960
119 197
502 532
108 627
1019 197
497 114
281 272
560 279
532 527
553 83
113 559
349 455
176 660
330 847
41 108
470 222
45 589
420 547
98 528
151 93
726 648
208 1007
920 768
263 428
271 816
511 384
351 860
839 528
496 146
351 538
254 821
760 299
387 156
847 485
685 998
578 387
622 786
370 518
530 633
947 802
426 434
162 777
271 1002
281 767
124 632
281 378
430 18
678 817
174 501
278 859
475 856
222 73
619 593
591 125
202 514
927 628
949 66
382 196
44 663
963 168
272 221
546 702
239 200
495 413
701 773
249 152
605 471
225 200
40 817
326 243
307 229
871 232
295 229
428 339
893 368
507 141
589 30
843 828
230 314
217 932
63 466
60 668
938 286
869 978
79 171
197 386
400 45
619 696
274 23
11 143
391 519
284 980
549 103
784 779
417 1002
687 480
444 748
125 358
10 994
313 89
141 510
475 541
555 70
213 830
94 225
973 485
744 234
442 269
337 202
24 755
180 712
211 625
436 336
983 446
306 272
535 447
783 1010
989 314
57 178
120 151
403 70
636 123
304 54
392 641
257 417
372 437
105 584
38 541
920 1022
987 203
270 498
650 29
484 615
344 541
794 464
692 173
534 305
297 838
359 689
456 616
82 828
30 187
388 68
728 285
66 691
488 337
165 114
366 650
730 710
167 500
151 860
673 685
141 970
500 500
636 956
93 718
760 123
906 125
191 610
410 258
278 898
595 443
1012 961
69 718
648 237
194 799
73 868
460 214
814 960
714 426
892 807
121 629
930 3
754 98
613 140
356 891
14 951
311 2
888 380
721 512
617 915
287 690
759 748
904 550
684 595
976 553
378 73
158 285
76 912
383 690
28 739
557 42
666 868
44 530
225 765
19 842
657 306
509 392
30 389
942 715
984 895
244 339
968 402
624 21
290 1007
711 318
722 244
360 364
89 404
894 314
146 913
132 803
196 641
171 226
7 90
941 991
985 161
306 929
563 930
950 853
913 637
147 611
882 507
975 971
912 846
261 34
735 393
837 931
11 1008
134 18
74 51
1009 35
213 292
965 776
198 891
606 88
505 753
699 363
237 651
310 125
473 571
159 184
964 996
92 975
980 226
993 31
277 979
66 490
247 7
243 445
899 849
533 380
578 209
743 815
860 29
940 309
600 75
493 540
47 585
492 4
811 461
35 65
416 101
555 663
109 798
85 1008
623 618
364 178
827 83
993 663
112 910
972 712
985 442
228 9
3 720
13 815
158 48
880 574
149 411
214 258
186 299
242 809
917 606
987 721
689 957
360 801
843 309
489 804
751 718
813 754
414 826
545 572
874 401
123 0
813 337
258 999
636 501
784 529
83 748
226 773
681 587
550 500
896 16
280 623
734 70
353 124
896 899
697 747
276 820
747 65
133 1005
40 769
482 825
274 566
549 501
315 206
64 865
706 960
881 986
559 591
32 912
716 929
787 389
652 40
185 375
105 318
356 146
63 839
971 337
381 496
838 696
702 902
537 384
838 395
346 373
986 379
262 678
284 25
43 936
65 228
287 171
546 643
317 609
458 264
947 839
760 761
511 438
640 25
822 454
420 144
828 382
523 66
37 807
91 80
719 157
309 1006
328 855
626 645
441 60
909 364
900 645
101 387
59 741
412 881
172 832
1 1000
191 525
42 228
308 133
308 4
290 617
1010 618
449 612
239 890
673 124
230 549
769 331
936 828
49 325
685 221
133 687
197 324
188 239
552 496
372 861
500 663
454 487
257 903
75 497
769 748
621 999
273 367
307 186
171 356
511 857
577 644
520 774
969 708
1013 497
180 361
334 681
0 789
144 258
668 219
755 414
968 352
389 217
719 696
403 891
28 914
724 605
535 220
355 480
928 344
977 84
706 288
765 706
53 909
964 721
105 695
111 49
24 501
266 743
173 670
610 202
560 310
807 71
530 139
551 434
483 505
519 165
793 260
872 846
146 812
543 251
484 655
300 508
132 566
227 305
212 838
507 773
124 291
844 655
430 372
65 913
877 584
55 646
845 927
468 991
715 1011
218 175
642 518
683 774
60 911
56 273
725 563
22 849
854 866
480 260
214 546
150 67
106 205
713 951
108 157
918 823
145 112
999 787
630 658
538 691
545 594
964 246
133 986
72 988
828 552
224 19
74 374
86 181
579 800
108 687
957 3
487 78
115 462
866 746
96 380
413 642
974 353
888 83
315 960
47 119
489 272
138 563
646 225
744 202
1 853
889 958
856 352
13 971
814 879
693 911
235 82
529 185
435 393
268 750
330 316
870 819
588 1008
358 210
209 79
412 210
932 278
145 764
630 158
711 421
13 381
308 248
463 837
433 899
