128 1024
20 47
116 74
105 48
1 57
71 93
61 13
66 101
3 57
23 17
99 122
101 40
86 124
23 124
24 80
22 2
13 42
49 1
117 26
49 118
83 121
83 16
6 22
117 9
79 12
26 50
6 127
90 93
123 114
89 19
66 111
21 80
26 70
81 15
96 3
5 51
124 89
67 2
111 57
11 62
69 38
112 76
37 75
41 33
61 2
52 127
113 74
79 11
16 33
26 113
36 32
36 32
121 104
34 104
33 45
38 102
83 22
50 121
97 91
26 30
93 78
30 79
24 109
90 41
14 117
26 50
21 62
82 14
38 116
118 71
34 28
46 117
50 96
110 20
60 8
50 25
87 80
104 111
62 67
24 76
56 50
127 77
113 81
91 23
70 81
95 104
109 13
93 31
109 76
51 41
84 102
67 43
54 43
27 116
110 51
65 38
102 64
115 87
17 78
110 87
31 77
63 12
90 29
44 72
105 95
113 61
69 52
105 124
96 4
112 78
55 49
117 29
113 104
116 3
55 99
90 86
48 26
99 11
55 15
83 32
110 68
93 52
121 70
48 89
74 32
39 2
82 28
31 67
5 20
70 60
119 33
18 39
59 117
50 114
4 5
18 115
74 111
39 67
54 87
28 0
119 67
2 73
96 34
13 101
54 83
33 45
116 51
84 47
41 7
33 45
12 51
32 86
35 71
25 89
30 53
89 22
121 92
95 89
126 108
62 52
64 95
97 52
18 53
100 59
60 5
105 73
57 9
31 92
81 57
53 111
110 14
5 103
106 101
64 104
81 126
28 17
93 125
70 112
51 42
43 111
47 20
56 104
30 88
68 111
17 121
94 127
8 100
103 114
73 39
91 26
38 119
44 3
117 114
115 40
28 31
23 75
51 80
52 81
40 120
64 57
114 31
56 122
3 31
108 76
71 71
102 109
63 18
112 52
4 100
92 32
3 115
108 54
67 32
8 107
24 72
36 10
103 93
4 106
124 113
54 67
56 29
48 119
47 33
43 52
5 7
84 8
123 64
62 62
96 70
42 121
15 78
3 118
43 8
97 40
121 23
107 49
52 28
41 100
61 84
24 66
92 108
74 87
45 8
21 13
79 63
6 94
14 10
84 57
18 53
97 11
77 77
60 1
105 101
101 38
58 125
104 22
106 50
109 23
58 2
36 9
66 43
103 80
53 60
9 71
113 107
82 62
56 14
64 33
116 37
71 46
35 47
68 13
97 49
36 27
51 72
37 117
115 12
69 40
72 79
111 58
58 65
120 114
80 56
19 68
94 90
114 1
9 54
14 106
103 50
5 26
122 42
16 110
55 85
22 127
36 6
57 94
71 50
80 23
106 99
91 72
61 77
73 70
3 87
48 106
9 54
5 4
96 21
114 23
106 8
23 15
14 80
109 86
2 62
109 109
33 73
53 95
22 127
37 26
86 86
4 96
12 9
100 108
30 86
4 9
94 27
24 109
107 5
67 110
67 48
91 101
121 16
68 16
15 105
42 102
63 46
70 75
56 42
56 86
0 60
95 94
87 119
75 66
125 14
48 64
63 11
37 56
28 105
72 43
83 114
17 18
33 87
94 89
1 22
47 1
82 15
96 41
6 43
107 3
58 28
68 121
39 105
49 67
83 122
111 38
108 0
56 13
88 22
102 89
44 22
91 126
37 59
39 43
102 19
47 32
47 115
25 86
92 75
26 47
69 9
85 49
9 14
63 97
36 37
59 81
59 22
79 96
81 119
12 55
10 59
88 57
46 113
15 10
60 41
58 1
50 15
51 60
29 114
29 66
23 88
19 83
110 98
51 63
89 63
119 99
122 79
28 40
64 44
51 125
85 109
126 8
124 49
68 26
35 97
92 59
58 111
14 40
81 65
104 43
1 95
14 123
46 43
36 110
87 87
107 44
68 106
52 64
27 120
90 63
90 54
122 20
37 8
60 119
73 36
34 74
3 48
70 49
91 106
32 50
65 11
95 5
117 19
69 17
12 32
80 102
86 74
122 124
82 54
115 27
91 21
102 94
69 44
16 33
22 48
83 87
59 50
92 49
70 33
66 82
65 18
56 24
92 50
20 46
104 7
73 67
28 47
34 97
91 50
2 113
98 86
72 29
8 36
78 78
70 16
32 7
34 88
31 126
10 51
44 115
58 118
54 86
37 88
56 1
10 58
114 108
16 59
10 25
95 88
103 37
105 8
45 11
96 76
10 107
0 54
94 58
44 20
17 82
109 73
83 119
3 69
100 20
0 110
45 96
70 20
5 47
28 50
59 125
127 69
104 127
123 70
57 40
90 74
122 71
19 77
63 23
18 35
43 19
17 88
115 87
108 120
7 9
43 66
6 42
7 110
41 2
52 98
42 14
45 36
86 64
113 21
87 4
56 2
23 73
90 10
32 71
2 39
80 45
105 86
87 112
68 0
115 120
99 29
6 16
66 92
80 51
113 40
55 41
42 78
114 5
88 19
76 91
58 28
8 36
114 96
20 54
96 7
46 67
37 52
83 103
17 36
26 2
76 82
44 118
32 30
123 121
49 71
84 108
99 92
16 85
60 36
11 29
44 57
96 81
110 52
56 127
88 82
1 36
36 45
26 69
76 22
62 125
93 18
105 65
110 121
22 43
30 34
72 74
91 40
27 73
92 83
72 52
37 74
88 74
119 115
15 67
9 77
65 102
95 42
39 77
36 62
120 66
96 64
12 59
105 39
5 69
122 77
122 31
23 82
105 15
69 120
82 78
69 19
53 36
62 92
114 98
26 106
36 122
43 48
54 20
87 59
89 81
8 83
112 32
38 90
47 107
82 1
58 24
21 111
60 83
75 46
53 102
25 89
96 68
9 22
88 96
81 49
49 90
5 33
122 43
123 41
22 78
42 80
102 63
63 34
18 11
81 71
113 106
32 81
46 41
104 6
9 57
55 58
19 60
92 13
103 87
54 126
37 97
78 11
32 14
46 51
25 127
122 10
105 27
91 23
68 67
29 78
125 84
8 16
17 100
30 120
60 84
118 97
53 69
109 86
83 27
9 108
26 3
118 3
30 81
26 99
21 55
49 18
11 57
34 28
30 64
21 90
21 11
59 74
80 40
32 35
67 41
15 93
45 5
96 75
87 122
46 108
49 95
126 61
25 32
89 55
97 110
17 118
122 76
64 74
117 97
110 56
10 125
22 55
3 118
3 90
113 49
70 34
17 68
95 42
100 57
97 69
39 114
59 33
62 124
108 51
93 90
108 103
87 2
31 90
120 34
52 105
83 122
12 100
62 107
14 35
36 111
104 76
97 36
109 32
32 89
83 125
51 63
100 11
65 3
101 58
37 26
35 121
20 47
93 83
27 108
118 63
91 94
11 61
2 121
93 34
82 48
31 6
112 4
17 49
7 118
107 45
16 15
38 37
62 3
120 89
111 110
25 75
76 36
8 79
29 101
113 112
21 17
118 5
21 7
55 28
125 34
73 14
49 111
51 112
115 43
73 98
25 98
45 101
7 53
52 36
26 38
20 48
55 10
53 76
17 108
104 15
15 50
29 64
33 80
48 20
123 122
119 20
92 36
121 99
90 46
8 116
84 28
36 11
39 90
87 56
70 63
71 85
113 100
22 19
52 70
39 47
64 30
67 29
67 61
0 29
107 8
17 63
37 54
74 76
16 33
4 86
96 76
44 82
48 66
101 101
8 12
20 73
43 88
102 110
21 102
11 0
111 28
63 20
82 9
96 98
42 100
57 10
48 101
92 97
39 65
70 47
78 90
120 121
50 94
103 71
69 114
71 52
14 6
72 97
15 40
67 57
12 124
68 61
97 32
30 8
98 100
56 48
62 48
41 113
15 16
56 84
2 0
8 16
6 80
113 22
120 53
79 4
49 19
65 19
52 95
27 22
67 83
70 2
4 111
115 19
127 43
103 1
43 111
17 50
63 3
72 55
56 23
59 105
43 125
124 95
92 24
117 32
107 59
34 111
42 21
2 41
64 105
42 108
88 59
30 23
62 102
78 118
125 10
96 40
7 92
7 99
116 124
3 96
55 37
79 97
58 82
10 123
59 52
103 20
112 5
43 46
107 122
37 104
4 5
17 11
97 24
110 86
21 114
54 76
23 5
46 82
87 56
77 19
109 52
39 93
57 82
11 36
76 48
12 80
53 29
91 23
54 74
109 75
60 35
23 83
40 69
37 0
126 114
19 107
38 58
72 95
12 83
3 89
4 16
41 57
45 5
80 99
79 61
46 11
96 70
94 9
11 4
9 9
118 28
116 29
86 60
124 98
16 0
59 20
16 101
77 61
106 30
33 57
91 79
68 60
21 34
69 33
38 78
42 29
106 31
58 64
91 54
34 107
54 94
127 70
67 77
4 45
107 37
102 70
116 42
2 10
76 71
43 115
21 85
16 127
116 74
63 80
0 98
59 55
64 59
125 3
8 1
48 115
38 22
57 27
64 60
37 12
3 80
127 25
37 15
24 26
89 88
106 90
58 37
17 122
96 14
125 104
16 45
91 54
67 21
81 3
81 118
15 84
70 15
109 108
30 6
6 120
94 112
82 24
21 99
18 118
113 15
94 1
60 58
56 127
79 9
2 32
0 17
116 70
32 98
50 63
