800 6400
337 603
250 330
311 231
305 639
612 128
376 230
531 592
152 673
49 139
431 588
277 121
784 58
747 481
275 526
622 519
744 159
323 546
42 634
329 347
26 493
475 402
723 558
546 427
432 595
567 415
384 44
88 720
454 35
753 729
561 575
449 505
287 772
603 681
158 485
228 184
178 255
138 454
366 685
81 350
480 648
765 416
693 54
689 347
89 194
277 203
322 278
260 609
602 64
42 760
549 270
497 279
77 635
733 795
520 367
345 553
215 663
521 460
717 762
360 358
157 189
561 479
19 374
640 621
438 682
133 539
504 182
370 581
18 304
577 90
223 474
195 438
337 269
451 606
231 363
517 388
104 278
419 123
204 259
744 642
141 429
733 645
612 304
779 182
160 108
272 383
582 20
373 472
289 376
278 72
739 795
13 43
626 432
166 30
692 462
225 33
92 158
231 704
462 562
86 174
670 710
109 4
730 483
476 571
59 755
196 351
302 209
394 128
641 113
159 533
575 736
119 667
94 702
123 109
464 209
635 686
472 745
690 754
428 719
78 39
226 274
390 528
483 337
209 324
450 720
410 225
656 81
445 750
335 120
411 799
682 247
237 354
192 479
308 172
398 386
211 176
660 602
705 695
139 466
572 589
386 534
366 242
615 363
544 502
484 508
53 718
755 290
272 147
769 132
319 720
519 82
96 731
684 353
627 375
19 751
516 757
485 435
199 652
350 296
354 386
4 407
304 759
697 576
458 218
709 329
490 780
763 587
711 648
492 90
575 512
393 292
21 78
279 221
730 629
69 284
216 73
243 520
384 492
649 394
711 558
275 401
90 238
540 353
86 233
444 214
297 37
58 318
468 337
91 398
166 160
235 734
585 30
7 521
523 656
115 786
766 390
739 56
629 480
409 267
265 405
33 114
795 91
784 463
428 76
413 147
588 200
81 726
231 88
447 754
296 115
740 262
505 679
670 686
711 280
506 528
685 539
642 232
183 627
695 611
255 309
310 395
509 744
673 292
384 321
246 681
436 538
495 493
770 366
732 233
646 790
762 83
529 156
316 712
335 563
76 142
72 386
538 134
330 411
778 267
284 225
148 272
315 643
318 637
209 250
71 407
240 385
491 321
93 359
586 429
122 662
571 547
600 661
233 483
625 211
750 461
788 450
286 304
293 604
493 55
406 564
14 198
501 57
519 595
416 657
224 91
71 347
638 672
561 423
707 738
634 209
399 623
659 685
479 504
41 524
111 447
289 126
645 342
183 717
137 152
574 713
243 646
261 433
70 374
56 777
312 242
538 263
417 397
501 96
453 94
621 117
542 462
243 739
4 778
656 494
130 783
407 725
181 220
358 251
594 766
580 458
209 318
274 626
267 327
275 272
421 448
389 515
110 632
7 466
163 663
160 293
198 120
571 379
340 129
630 135
96 762
145 657
280 771
483 99
298 758
372 272
406 761
339 68
146 346
87 309
562 599
154 760
719 725
692 260
407 522
747 55
37 444
712 317
416 395
769 714
706 341
538 312
654 78
381 352
424 20
661 538
619 368
499 539
293 743
351 252
465 298
307 54
742 571
724 358
167 693
625 425
586 363
737 440
793 670
345 770
690 206
508 62
126 559
601 772
502 152
224 520
2 84
574 744
655 498
655 374
743 32
799 529
747 289
522 741
159 67
711 402
625 771
464 752
83 617
276 585
769 500
657 323
136 432
619 344
482 474
718 426
506 270
155 454
111 229
747 270
296 210
224 474
181 240
426 264
57 254
402 378
754 259
701 443
243 521
787 726
547 257
704 254
527 59
260 638
289 207
461 137
769 237
611 150
478 589
767 535
43 721
466 350
180 367
793 776
440 780
702 188
589 606
794 669
217 606
59 58
365 520
196 334
310 359
36 788
501 355
75 544
276 541
446 9
461 439
785 101
771 239
641 561
45 635
430 614
441 489
225 6
562 421
692 424
332 729
764 33
284 39
130 561
133 576
570 146
568 107
599 539
346 441
652 743
628 634
557 622
676 782
180 438
755 73
414 640
354 378
673 638
769 355
751 454
132 73
600 700
180 752
791 526
745 644
469 573
478 579
747 354
561 128
344 69
553 310
709 107
688 134
745 210
490 697
664 622
322 17
74 503
321 65
229 266
261 699
391 740
478 339
646 591
19 543
212 572
53 121
679 294
256 176
504 746
425 368
120 748
737 194
451 258
611 232
524 73
483 116
365 513
7 211
305 26
306 517
150 360
191 381
654 799
557 710
297 535
630 417
35 568
163 486
378 326
270 103
399 754
571 764
467 130
528 324
508 34
394 658
746 585
239 152
584 348
62 81
435 245
50 470
13 565
156 391
91 427
46 43
381 169
359 400
299 87
725 359
474 319
217 772
456 8
125 592
357 539
225 792
784 275
463 349
392 171
293 35
150 339
78 83
61 438
484 712
525 761
272 551
632 489
524 288
50 201
80 759
740 657
751 277
484 766
626 76
490 119
111 640
11 190
276 424
180 312
336 257
273 608
9 105
650 85
745 252
286 377
211 226
234 514
55 718
481 682
794 523
353 457
715 716
199 191
340 379
503 229
637 776
389 646
433 591
731 378
43 217
755 254
795 541
769 51
459 2
285 5
525 638
463 792
107 662
184 799
242 239
228 431
568 618
277 201
409 560
132 453
329 439
259 676
181 228
727 192
582 564
198 307
755 213
300 62
427 36
61 221
275 290
652 43
460 481
597 421
593 729
74 122
720 686
799 101
114 278
646 697
43 396
556 798
161 408
412 588
796 473
362 272
315 214
667 775
248 16
397 41
297 23
516 218
709 515
671 376
345 517
625 388
465 381
738 626
342 350
415 338
24 777
162 339
543 30
667 343
398 616
385 696
639 453
114 101
168 337
29 65
55 654
454 520
587 392
347 129
743 314
20 319
643 182
658 738
564 77
282 163
693 219
59 85
672 525
538 392
62 567
457 469
773 463
542 560
56 441
690 351
755 262
670 150
444 80
88 209
158 722
724 403
493 335
40 717
60 130
661 474
697 671
144 670
334 686
783 742
327 673
293 634
487 515
336 131
596 776
692 306
251 616
261 744
151 302
214 563
784 75
238 682
746 382
104 633
620 87
575 499
312 421
333 799
136 221
483 284
197 375
590 448
544 404
745 695
258 159
11 242
234 249
124 533
183 581
366 3
668 493
502 533
466 387
532 603
608 215
439 357
143 582
6 687
186 303
134 444
462 145
686 248
394 363
333 577
144 251
580 364
745 634
449 763
221 534
118 381
301 558
739 444
340 297
331 526
152 18
522 614
163 408
414 558
323 748
687 467
199 20
384 496
654 33
12 428
567 130
361 69
688 652
65 580
501 749
658 653
767 380
467 130
341 434
240 664
382 128
684 133
500 268
182 706
653 194
686 773
324 248
394 565
452 459
345 154
408 204
7 375
136 27
58 477
13 298
342 395
778 226
80 30
46 614
737 251
360 623
576 237
423 170
354 76
182 699
582 142
455 141
70 592
168 128
269 181
778 163
128 309
741 561
339 787
727 276
591 288
452 367
77 427
90 431
55 624
682 637
766 338
779 388
482 499
68 303
233 47
467 713
356 408
26 247
748 754
524 91
594 528
458 671
155 100
654 211
724 536
400 243
426 731
631 108
783 700
412 216
299 431
481 207
391 508
454 339
462 530
430 608
258 441
31 766
541 685
177 18
421 129
261 400
61 92
508 44
344 472
612 643
455 293
50 47
353 57
738 15
587 721
175 46
714 206
12 7
91 541
25 65
670 286
17 283
731 525
679 627
550 43
23 205
689 73
604 242
130 543
258 270
16 785
316 730
192 680
737 635
421 763
252 643
601 269
479 84
347 358
712 449
754 735
206 643
360 11
85 43
106 695
313 122
681 181
404 425
61 341
260 482
656 65
677 10
686 356
94 585
267 358
234 221
645 441
64 206
4 149
601 462
397 466
136 278
647 540
255 708
433 67
742 642
132 619
652 371
176 298
156 443
209 743
664 54
736 280
612 740
781 765
754 378
431 90
208 278
182 463
538 615
531 480
9 215
300 213
586 28
64 295
471 273
238 687
679 174
167 44
114 500
9 68
431 441
510 639
271 692
655 10
59 738
42 69
153 694
282 292
722 346
587 393
171 25
632 51
199 799
95 665
52 456
285 483
97 795
674 721
687 529
283 746
467 325
367 173
220 650
465 142
548 604
88 720
629 720
323 380
272 770
245 324
426 82
359 76
77 233
797 316
763 280
614 782
157 182
507 377
384 172
72 132
776 512
404 157
432 279
537 256
249 334
132 676
416 491
752 45
725 749
713 240
581 80
574 738
614 282
668 198
6 292
682 335
4 639
492 788
118 582
597 368
468 729
596 437
773 100
34 698
401 748
490 182
380 616
472 194
450 692
392 457
536 626
792 92
465 36
81 136
170 230
56 639
159 652
276 132
304 310
382 705
610 424
87 190
241 111
384 691
4 328
700 540
155 244
633 172
281 266
660 3
496 268
642 207
472 118
692 776
429 626
681 239
251 768
782 44
432 366
287 436
247 540
528 754
784 713
478 617
179 339
621 227
607 463
787 280
134 231
256 563
57 138
354 660
458 688
704 90
255 544
78 54
284 159
8 268
72 486
438 604
25 259
383 185
274 370
17 408
153 625
171 211
315 78
71 326
766 328
768 573
72 47
627 708
206 187
176 278
674 614
434 251
425 18
788 700
388 5
308 542
631 32
305 146
462 728
24 780
256 793
106 680
40 285
588 598
473 317
428 347
483 63
150 461
81 139
361 21
144 669
563 327
253 420
26 715
349 50
248 605
43 354
38 435
639 178
233 312
495 662
211 531
725 362
192 358
501 105
379 645
774 495
525 580
115 551
47 464
601 295
622 197
649 212
632 489
390 66
353 438
280 565
521 557
479 713
115 180
18 46
377 344
541 102
476 209
205 524
225 7
19 47
556 221
611 388
262 554
6 615
192 286
732 713
43 411
178 510
591 548
557 521
92 650
623 121
59 29
645 285
388 664
684 144
437 496
84 699
250 91
67 794
729 799
259 773
763 437
35 106
537 144
627 181
795 3
302 54
32 147
339 772
364 576
468 1
272 552
701 74
195 768
68 125
319 679
450 282
316 485
389 53
630 568
234 177
571 89
231 155
236 123
127 600
699 147
154 523
252 407
597 447
727 217
124 246
96 574
81 764
612 22
369 794
590 603
171 714
692 754
69 481
77 549
633 776
696 787
499 148
746 648
148 673
65 272
472 161
399 553
125 563
127 46
557 269
650 728
183 94
234 253
127 312
2 761
640 250
300 692
751 247
540 99
120 606
723 592
319 674
697 797
437 376
43 194
646 245
474 29
692 709
634 371
573 188
332 413
439 185
305 390
432 398
41 104
556 316
249 427
191 498
424 180
75 20
727 721
617 753
302 509
662 137
433 787
325 317
753 764
502 258
706 486
208 747
143 764
616 392
392 7
442 368
187 517
740 114
790 558
68 293
619 282
430 252
622 307
570 575
624 272
385 530
311 594
30 454
110 646
398 502
653 40
423 392
110 363
59 100
121 479
745 741
313 727
545 135
235 315
710 59
140 296
589 3
442 171
457 552
17 407
607 222
799 230
167 461
593 226
562 267
257 59
560 570
787 305
706 222
173 168
633 665
464 774
668 458
146 677
211 515
636 18
738 635
600 457
297 393
235 411
212 492
22 772
262 9
630 520
583 355
689 416
572 705
391 792
364 537
669 127
604 57
145 542
692 745
551 541
690 786
504 455
478 527
779 293
536 161
13 672
516 254
288 640
160 679
632 76
768 501
203 573
558 700
667 3
197 771
96 439
757 601
94 788
680 74
281 768
587 646
640 304
453 129
144 165
360 777
241 681
30 796
6 141
696 225
496 93
196 592
84 506
745 179
494 625
605 327
594 392
525 434
248 178
115 745
343 476
274 136
709 656
132 715
349 380
492 45
25 689
190 110
395 135
641 441
313 798
320 459
390 45
445 191
576 561
488 471
589 762
608 50
170 292
765 520
673 457
117 250
698 307
360 645
795 553
286 660
551 158
319 494
556 764
685 332
77 725
355 218
239 515
268 409
8 585
481 233
595 599
483 493
458 396
339 5
149 177
665 253
688 536
747 444
53 184
776 482
109 683
701 348
399 521
309 407
307 791
192 102
142 227
595 152
623 486
158 325
216 375
578 456
464 77
100 517
261 428
551 370
311 452
270 710
174 579
669 33
122 61
135 264
641 282
417 16
321 127
341 89
502 471
545 518
548 645
235 361
273 787
731 136
791 201
47 517
333 716
550 455
330 237
720 171
520 689
187 41
368 81
482 70
104 227
141 205
72 376
566 697
715 498
33 259
251 80
776 584
349 79
592 231
316 64
402 388
753 141
781 321
574 463
743 679
690 84
84 314
13 650
211 280
700 245
91 152
677 420
288 578
499 80
9 367
496 763
756 449
457 737
322 231
401 618
462 643
254 546
158 619
749 369
452 649
166 543
353 396
163 194
174 214
274 536
582 771
51 90
772 508
379 647
292 780
17 754
176 623
53 334
443 2
255 447
203 422
190 557
370 706
751 96
472 577
632 254
100 236
696 425
744 276
624 236
608 641
543 784
464 596
318 459
598 126
106 353
548 649
110 470
107 413
566 579
543 751
386 643
187 282
620 483
110 444
272 719
285 15
255 302
611 126
761 761
252 420
314 352
621 777
22 728
742 588
507 485
91 93
681 278
728 501
762 38
146 234
757 431
601 565
285 412
691 247
725 143
219 591
495 40
568 517
768 63
657 27
548 749
121 429
579 401
483 93
439 629
679 749
260 480
514 98
444 405
345 369
548 116
513 595
156 633
664 476
696 521
503 797
22 176
426 154
129 109
247 569
290 479
518 103
159 584
201 156
189 546
77 289
214 590
84 722
424 748
398 320
21 453
317 396
182 296
550 311
757 349
432 248
28 502
703 540
286 104
696 27
202 773
316 416
564 752
338 540
252 288
412 274
741 282
222 475
130 772
339 87
673 771
687 702
474 590
442 760
246 690
788 448
215 656
64 331
609 754
71 413
242 484
239 536
766 461
211 96
433 550
535 307
74 775
561 548
117 555
60 364
797 400
12 212
257 429
544 418
383 615
31 626
651 271
714 169
732 125
265 718
228 353
577 654
680 690
754 797
445 14
361 442
415 726
206 224
355 750
642 738
566 225
116 769
496 30
139 781
508 756
251 288
309 380
494 189
270 448
187 267
462 100
261 429
26 467
205 733
418 47
224 536
625 340
505 673
723 644
654 783
601 457
623 462
37 317
652 307
765 391
126 779
43 387
409 70
55 614
355 473
214 579
209 391
472 266
264 747
111 471
730 264
128 105
726 166
774 130
25 739
521 152
270 565
91 231
187 146
398 542
171 612
322 732
203 346
199 19
293 662
490 575
126 619
680 52
337 654
183 714
145 256
418 415
373 510
647 560
656 245
655 28
409 529
760 164
75 511
183 720
373 674
495 499
45 727
104 734
133 639
648 278
95 267
245 21
329 92
581 185
689 788
565 298
517 526
14 144
237 198
64 163
424 559
662 21
38 318
755 171
157 603
1 605
422 247
178 751
691 759
489 581
300 254
431 369
332 446
514 122
196 578
285 172
690 499
193 280
370 148
452 79
303 453
236 278
700 414
581 144
726 622
725 226
429 708
595 761
706 309
435 454
440 272
626 682
324 371
162 694
71 166
325 727
172 562
205 424
176 338
568 102
161 45
680 142
754 476
455 660
337 91
315 329
715 493
563 239
65 278
485 136
444 11
63 616
573 620
241 301
159 361
756 672
407 636
14 361
664 469
573 554
112 440
83 28
134 199
619 199
477 305
687 473
668 751
642 441
571 435
742 282
796 250
506 403
87 72
316 751
94 90
505 206
82 141
586 216
340 406
767 369
263 655
42 131
158 684
124 281
671 418
116 668
669 622
271 756
695 140
259 789
582 317
547 664
458 334
81 350
292 400
271 555
607 313
238 317
550 362
599 421
780 715
641 649
89 465
157 336
605 417
677 387
734 425
251 744
311 684
294 155
637 117
262 444
430 500
762 532
414 561
506 394
28 347
244 469
364 401
6 169
370 683
108 304
660 360
600 523
596 94
230 433
563 492
78 194
544 392
278 158
505 336
553 533
236 349
554 600
302 560
770 673
796 430
529 208
342 330
284 139
776 514
572 540
207 202
286 303
594 564
462 651
453 567
384 689
116 491
489 418
251 11
643 599
442 373
8 784
255 644
475 231
358 600
771 117
2 609
421 149
726 83
0 379
650 737
268 318
428 309
288 231
673 132
31 667
57 391
203 312
235 679
95 145
479 67
263 33
228 684
182 154
319 535
533 169
472 353
39 452
663 327
683 536
459 266
403 68
209 606
732 796
37 28
142 516
447 405
102 675
641 284
30 160
371 563
681 43
117 720
47 332
599 283
420 259
549 23
679 311
181 612
307 571
640 1
639 287
758 741
162 599
578 544
311 149
308 544
545 777
16 592
661 616
75 281
427 177
656 306
40 37
118 347
160 310
701 0
597 659
741 312
11 519
56 674
669 716
419 414
245 435
558 106
251 634
387 678
363 595
185 403
185 655
302 345
166 555
345 315
415 287
627 778
358 236
652 227
504 271
193 302
259 752
760 510
138 700
741 501
495 478
456 680
333 310
226 499
66 571
367 33
410 194
11 769
782 663
548 39
487 742
341 746
246 301
456 384
201 749
437 249
427 445
129 761
755 707
12 373
31 379
406 441
126 417
762 460
633 63
499 320
5 392
618 251
246 626
187 799
576 624
248 203
621 378
516 576
637 81
150 668
460 108
662 138
78 624
599 263
687 650
583 244
243 753
47 489
579 234
488 355
410 289
111 231
219 627
8 56
708 510
725 721
170 587
411 248
411 210
511 651
413 646
95 208
599 495
697 731
729 737
286 340
226 749
123 445
577 483
502 37
193 779
310 364
566 722
164 529
132 676
380 97
74 28
305 674
523 554
157 4
44 443
696 270
393 20
268 522
503 322
111 249
301 422
165 419
344 329
148 28
557 81
126 632
461 783
58 536
538 215
540 582
210 789
404 155
9 224
229 64
546 341
313 399
315 478
370 659
360 519
687 469
152 365
653 613
349 263
701 439
30 793
221 593
782 625
748 343
50 530
408 148
423 273
100 738
752 470
597 664
541 36
333 693
754 539
58 303
2 759
294 33
305 515
626 287
692 126
183 294
208 591
795 631
64 95
569 368
117 718
584 659
755 470
552 709
209 163
564 211
474 58
596 779
125 774
619 369
101 2
664 309
145 659
493 561
306 262
130 423
181 266
634 488
736 739
749 145
102 513
709 576
123 505
108 600
32 727
169 485
281 33
346 426
244 39
539 102
302 669
78 35
136 712
523 424
651 472
570 305
537 31
434 212
88 542
12 120
21 181
605 302
567 504
280 363
543 19
18 397
241 96
432 729
360 507
353 564
179 475
69 268
506 503
480 595
597 492
267 618
226 425
472 793
129 304
708 672
324 726
270 117
22 254
398 735
762 751
499 493
779 568
762 37
624 794
184 421
487 452
592 713
77 264
258 558
569 166
430 445
445 252
114 19
59 512
754 21
15 453
66 794
574 380
32 750
375 216
371 414
668 515
327 297
780 137
407 101
655 38
98 300
642 212
672 253
276 626
626 291
632 693
286 758
273 318
708 200
86 631
614 307
347 493
156 679
630 564
780 38
154 430
690 348
194 562
602 470
741 428
761 573
321 599
531 147
469 439
347 556
622 162
63 169
655 571
48 38
335 380
428 489
10 318
38 556
433 640
226 374
620 188
499 494
787 582
641 457
573 540
565 395
254 180
565 462
751 613
500 287
546 128
328 108
798 366
665 431
558 91
5 379
631 56
73 171
638 266
628 411
358 745
7 613
125 572
275 76
737 327
363 35
7 692
144 5
610 9
437 369
452 794
300 284
51 725
455 241
543 635
653 101
580 660
266 705
784 93
333 273
420 249
309 427
141 5
433 303
14 422
224 466
768 524
302 371
1 757
613 96
144 18
550 724
678 16
181 214
110 515
39 82
764 348
62 457
353 47
760 719
469 537
738 789
613 240
361 615
550 526
711 694
544 13
171 774
30 352
188 492
419 227
574 735
128 636
744 33
235 257
305 704
794 243
246 607
35 607
774 585
685 238
480 429
251 651
403 633
555 143
325 527
722 452
14 402
640 759
788 76
568 293
332 114
88 578
721 123
737 248
709 622
486 741
603 289
592 206
123 699
701 0
426 624
452 793
226 645
752 214
721 72
59 605
186 147
384 459
271 673
707 532
48 745
473 651
235 265
410 358
516 311
358 495
487 363
488 266
208 792
480 481
64 92
286 602
239 222
261 62
448 169
594 496
114 267
347 349
84 309
259 601
621 170
296 660
533 784
126 293
776 159
774 392
251 612
194 490
35 455
105 35
176 699
531 291
167 430
192 251
292 4
404 113
174 700
773 259
236 452
552 564
611 78
156 62
690 702
104 277
710 209
312 86
461 395
729 628
378 474
431 670
478 388
335 204
288 660
15 77
312 567
641 123
197 350
537 87
252 642
717 514
403 581
601 64
177 530
244 555
556 228
425 234
616 312
790 456
172 5
85 485
124 727
608 321
629 698
761 433
540 678
148 495
459 749
112 636
31 356
743 588
136 720
374 304
232 365
313 405
722 398
442 47
677 602
720 506
500 681
492 240
559 640
288 219
141 400
407 524
308 703
312 445
623 239
301 408
156 614
365 78
213 7
477 442
609 398
149 310
279 641
102 391
33 742
610 174
342 569
698 651
24 563
648 200
2 149
608 510
316 525
588 81
532 266
523 693
216 224
555 495
65 210
86 450
152 248
176 47
370 427
698 394
190 98
594 544
247 754
254 115
479 394
196 563
212 720
9 428
144 116
476 562
326 562
212 31
363 741
78 285
368 328
231 110
426 378
654 225
332 460
693 364
406 89
479 619
9 488
247 506
157 723
620 35
38 32
66 753
773 496
238 693
376 469
3 2
47 209
580 732
221 473
648 628
114 327
447 476
368 246
182 525
170 2
560 560
386 179
513 712
675 303
605 604
324 161
606 724
370 738
208 592
763 56
420 78
735 419
554 303
665 288
380 387
642 493
147 228
672 212
492 99
515 298
703 392
11 62
316 381
352 524
173 316
132 145
746 67
564 52
371 430
340 303
17 182
796 517
762 668
729 455
320 797
305 575
389 316
637 257
697 542
333 423
58 465
568 356
532 333
408 455
315 748
759 684
482 755
401 444
176 331
99 48
680 404
623 269
720 13
526 170
555 59
593 165
76 713
521 608
598 129
264 113
429 575
798 111
530 751
555 258
282 655
306 162
611 482
783 84
495 61
606 250
472 399
767 548
664 488
709 463
169 525
128 598
300 478
261 382
430 16
193 264
223 51
779 387
533 762
23 228
376 629
30 48
580 797
149 444
37 58
107 206
135 588
356 435
266 169
369 696
538 562
161 313
614 140
700 347
102 723
128 30
104 510
79 684
508 580
329 97
190 788
656 325
576 564
312 43
734 681
739 472
796 452
785 610
592 238
509 247
513 189
277 618
700 708
502 760
488 31
57 678
372 713
555 148
478 67
543 764
749 35
436 745
487 773
107 280
211 616
527 725
6 356
95 258
265 597
218 305
181 275
536 553
541 291
253 219
359 797
183 308
32 171
605 519
144 264
351 708
80 430
633 438
787 728
696 604
77 466
109 258
742 645
11 483
137 617
254 48
614 437
708 198
160 513
717 304
777 269
212 409
251 397
400 238
677 648
394 755
315 504
565 257
701 129
292 390
746 546
438 560
535 346
758 695
411 227
551 740
48 316
350 300
713 302
90 143
150 485
450 17
541 215
626 442
344 118
33 642
216 471
754 751
370 264
198 781
492 750
722 92
618 624
744 531
126 35
226 628
72 676
646 613
444 472
255 788
143 640
183 359
312 137
663 234
402 61
215 446
363 489
538 181
313 483
265 791
70 491
620 142
720 18
755 364
490 562
704 633
403 87
545 267
225 408
501 179
469 716
625 385
758 715
566 623
750 383
615 20
75 787
514 347
5 21
711 47
584 615
233 187
703 778
454 480
386 507
659 407
775 484
792 733
399 111
557 702
494 372
722 121
711 789
468 716
10 379
763 146
195 196
333 450
174 339
130 112
398 789
520 374
25 64
307 776
527 416
678 222
340 153
343 251
142 364
167 504
743 483
651 490
679 536
492 406
428 622
70 26
163 142
400 188
207 260
517 734
676 395
508 569
548 404
20 242
768 540
747 711
575 598
754 454
334 446
412 762
621 483
789 784
625 741
525 384
201 242
671 430
189 379
551 738
783 571
532 303
663 479
567 438
277 521
445 164
519 409
478 340
444 19
677 270
761 754
206 514
196 77
496 737
9 247
227 344
19 760
648 234
439 415
225 269
488 670
785 559
631 463
100 276
483 329
98 796
283 304
510 31
734 207
768 295
454 196
639 25
156 39
612 147
6 37
768 46
259 753
606 90
769 258
718 4
587 16
0 70
673 62
101 159
621 421
454 276
617 645
653 325
237 17
25 243
54 793
642 665
299 448
308 268
706 226
272 45
595 624
467 468
686 120
179 508
541 633
336 711
30 541
236 267
559 613
63 165
607 705
383 458
705 691
726 163
469 550
208 616
374 675
284 612
795 15
672 88
648 208
799 679
302 588
498 61
401 561
578 560
466 161
218 371
404 496
534 426
598 294
242 172
169 79
337 516
94 209
605 743
770 156
174 272
296 672
685 250
434 15
10 452
529 581
376 133
629 110
559 428
405 2
152 126
81 489
195 175
699 0
470 221
508 196
45 5
69 730
255 55
297 617
59 26
750 435
160 580
98 271
208 55
625 360
181 706
50 376
434 301
728 456
74 437
653 119
794 274
401 601
681 698
418 740
725 369
728 437
501 26
708 709
81 534
269 614
792 671
543 426
524 471
435 598
460 288
717 6
562 318
607 795
217 578
287 494
147 215
131 200
593 39
109 226
125 730
41 470
602 584
448 326
607 83
477 620
371 394
626 485
265 434
480 482
212 320
528 711
535 659
111 329
250 572
555 376
502 148
398 656
284 46
535 92
130 212
712 53
158 90
539 423
524 571
457 288
91 185
551 179
44 662
508 295
786 615
223 489
764 621
345 600
219 432
692 349
644 156
403 3
247 494
778 323
617 436
164 709
621 715
88 218
130 148
65 116
315 288
157 631
461 55
432 232
487 676
582 332
33 537
687 632
231 665
507 48
301 671
309 475
139 397
693 269
97 758
385 765
598 95
596 611
150 228
43 637
105 177
521 490
714 408
674 145
626 381
194 479
605 503
506 744
453 399
565 102
709 502
67 507
597 664
670 747
444 266
585 549
443 658
591 358
619 465
503 445
399 249
476 556
305 183
52 758
134 617
412 44
319 480
103 469
696 774
768 340
240 553
442 235
764 233
593 583
699 297
580 650
98 256
406 403
439 458
361 126
627 326
170 498
6 273
167 702
599 136
594 391
241 236
627 205
470 772
340 721
621 120
571 720
377 529
323 368
187 237
494 14
563 664
512 121
490 232
375 641
720 169
585 161
406 764
719 428
736 259
349 558
380 120
30 309
201 705
677 388
494 372
754 257
588 18
730 630
602 305
472 522
27 257
236 433
573 155
61 509
766 762
619 346
434 201
655 635
107 85
223 601
457 529
411 597
547 693
428 350
551 100
424 578
709 660
563 482
15 624
543 782
138 715
680 572
468 88
407 127
525 182
729 534
711 692
331 10
585 759
712 336
411 337
466 320
197 229
354 565
405 450
99 543
717 331
315 385
771 274
65 496
456 794
230 719
238 562
282 375
73 546
264 485
435 730
357 633
160 264
750 565
714 401
661 183
284 176
120 256
451 185
304 459
531 535
731 321
649 213
697 274
759 513
759 395
443 317
580 155
133 82
273 47
35 134
582 319
310 702
575 313
440 80
325 171
167 256
493 368
21 742
642 332
455 154
279 450
23 59
606 156
493 79
555 528
565 337
48 75
591 175
741 231
255 266
755 774
74 0
342 95
742 537
427 749
691 707
399 714
318 557
422 364
188 177
444 753
514 492
381 305
220 674
89 475
492 44
2 566
44 696
213 338
433 192
287 676
451 238
142 322
796 564
686 536
741 330
490 7
375 71
665 595
297 306
622 789
350 624
555 746
73 768
636 506
512 123
735 164
713 77
486 261
194 372
798 487
254 40
495 629
463 712
776 760
218 599
749 120
775 504
418 48
24 254
107 536
729 42
700 642
119 386
104 313
310 454
1 565
494 48
746 157
312 275
117 82
74 66
202 401
122 620
2 498
426 109
586 355
503 487
549 174
425 205
488 288
659 41
405 705
441 703
62 753
178 531
35 604
149 589
206 271
761 560
321 387
669 108
294 724
147 43
98 572
249 138
412 460
179 17
366 172
721 428
477 451
512 64
256 661
205 14
485 166
574 6
105 795
466 399
719 613
443 17
738 692
156 350
352 687
720 270
412 193
251 89
644 763
506 100
176 711
466 661
78 240
220 183
587 686
583 58
500 578
76 438
470 584
340 374
23 260
645 787
453 96
77 650
411 135
302 587
46 769
449 476
561 221
212 349
107 795
407 159
125 35
597 595
171 490
521 195
750 718
182 756
366 611
606 777
746 108
565 345
429 566
21 191
787 233
92 446
580 499
606 705
535 755
52 258
445 126
453 748
44 188
704 763
351 62
740 650
522 57
195 152
623 568
695 162
354 787
609 486
486 767
744 573
722 796
32 720
474 37
668 71
577 124
34 481
186 774
331 708
32 78
412 207
198 307
370 552
646 531
591 333
50 535
458 772
83 42
244 558
432 112
181 209
236 215
242 774
541 573
235 125
203 199
333 402
507 255
506 705
338 297
238 388
384 249
712 468
643 157
578 275
621 759
37 410
526 279
384 267
53 619
393 256
19 278
210 78
533 717
783 423
566 574
11 151
375 723
171 218
432 301
494 254
612 531
664 338
362 248
605 415
420 550
224 791
28 434
421 113
703 756
536 22
530 99
525 457
375 696
676 7
549 370
613 361
453 477
699 15
278 56
783 250
607 559
593 187
545 214
653 449
170 389
23 253
41 548
710 416
444 586
775 193
508 141
554 513
170 5
81 448
61 64
250 220
623 43
408 368
609 261
369 780
202 392
585 595
140 495
563 136
634 539
681 342
680 787
56 50
792 137
51 406
553 653
626 728
249 586
296 58
47 218
390 602
162 175
397 303
671 161
791 505
252 673
399 484
660 7
86 205
496 489
611 249
695 437
529 144
224 26
554 623
596 145
777 758
320 375
613 543
88 157
600 692
30 200
376 242
207 14
799 256
56 610
57 751
600 587
95 376
165 201
199 761
346 177
271 219
104 437
762 544
594 563
436 176
315 364
418 74
378 418
330 786
580 388
737 380
527 384
756 692
586 508
653 484
237 476
703 341
113 666
85 707
781 521
83 296
437 54
722 367
24 253
354 604
193 291
537 720
228 45
612 366
553 17
50 790
493 754
683 159
172 768
66 153
41 150
1 30
556 723
398 580
528 752
736 721
595 473
193 375
71 5
741 176
374 792
519 420
746 402
579 118
723 645
623 316
347 624
347 103
99 745
235 628
249 172
549 44
197 295
420 268
300 361
445 227
705 164
647 651
566 426
321 41
271 144
358 171
320 705
274 420
202 510
600 451
234 701
47 431
196 467
252 49
381 697
276 638
413 123
490 531
549 363
573 372
60 483
543 732
740 370
704 142
432 504
593 666
406 192
649 154
660 101
203 593
350 31
431 763
154 473
495 255
389 620
628 449
303 371
733 243
741 638
737 373
342 82
591 300
274 441
7 486
542 210
631 93
242 263
408 748
288 103
204 229
275 384
678 578
307 164
373 601
2 310
526 696
392 318
197 667
311 556
705 53
766 537
498 560
352 459
61 640
562 617
422 390
201 300
168 508
16 94
309 18
404 36
715 349
706 464
568 217
220 473
622 538
210 673
651 114
332 712
755 446
529 377
36 282
229 557
790 246
651 652
616 607
240 531
156 498
547 276
715 767
750 89
506 512
762 709
627 294
621 134
293 702
63 329
184 644
86 526
442 289
730 611
97 170
342 605
668 90
82 135
409 384
225 467
448 539
376 627
34 549
761 679
3 376
208 187
573 647
266 567
136 196
378 585
367 273
391 587
715 473
275 324
57 500
344 505
239 272
333 625
22 646
504 25
575 265
565 700
464 31
467 600
227 398
386 146
671 329
286 138
2 561
14 411
261 358
468 52
631 353
230 205
552 286
582 679
551 347
579 567
730 598
720 510
548 658
656 771
187 142
109 189
255 124
152 516
34 620
121 665
174 351
422 726
189 205
157 293
104 736
60 387
86 780
97 635
638 305
606 25
0 716
566 255
392 718
324 426
539 445
644 265
348 266
543 537
23 700
382 480
636 443
67 274
423 164
109 614
21 268
639 21
184 406
629 128
676 153
554 767
150 750
232 50
217 775
587 592
227 170
272 415
165 339
690 140
55 799
754 429
267 146
2 3
104 631
483 780
784 590
748 486
540 180
536 309
508 676
102 735
398 726
351 563
618 241
703 225
592 210
654 412
356 657
767 460
40 451
440 377
241 740
63 781
121 600
291 181
28 745
116 426
671 19
541 489
612 444
267 757
206 121
369 562
330 688
222 371
339 215
748 132
155 363
114 628
515 757
9 543
254 478
169 125
49 710
167 662
707 434
619 113
107 540
676 438
428 450
361 320
665 309
452 373
672 118
201 740
75 211
483 329
241 653
7 290
115 526
504 374
512 675
40 619
415 268
609 396
718 170
716 136
31 368
509 256
487 262
196 114
25 679
796 266
84 355
109 552
81 613
478 145
489 518
764 456
786 126
404 257
648 320
745 232
241 454
488 280
268 236
394 294
467 742
560 104
297 669
656 730
35 686
75 76
405 392
84 743
518 489
200 718
9 145
150 602
151 638
82 420
426 29
714 94
771 26
198 269
248 406
199 283
292 627
711 249
219 795
193 289
484 745
207 46
443 358
648 146
548 731
118 527
760 384
621 283
411 371
104 211
329 656
46 173
483 757
423 702
752 168
543 789
465 750
35 460
660 683
607 761
166 725
488 478
662 661
762 273
232 66
36 561
722 82
734 757
39 709
211 343
429 754
332 95
257 367
555 117
603 714
430 769
192 470
448 54
331 762
679 563
380 715
676 655
349 163
612 388
72 24
283 54
778 616
149 235
535 256
705 338
523 687
660 715
358 660
321 689
622 552
5 202
19 233
57 368
396 222
308 21
246 591
75 576
759 576
364 495
384 621
385 107
508 245
374 66
105 695
308 279
447 665
34 466
98 443
386 47
665 694
420 463
486 47
240 797
623 604
492 559
777 430
667 485
675 593
104 333
489 764
164 488
629 198
507 279
642 93
678 507
340 298
523 26
697 763
23 72
119 68
632 96
50 51
133 277
644 237
610 685
201 775
726 382
525 433
214 367
78 92
427 418
743 150
796 640
465 372
713 136
792 545
232 42
596 717
319 792
155 482
678 708
9 604
643 534
589 57
454 219
149 81
638 92
583 186
733 248
110 198
384 102
743 168
496 91
85 368
435 592
50 313
53 411
469 696
497 258
753 151
478 454
584 668
547 367
406 32
167 517
230 103
171 525
623 220
168 709
588 603
53 190
469 458
153 138
354 650
749 659
2 427
666 586
647 765
506 253
797 673
322 579
329 46
656 152
266 376
413 406
179 19
596 200
477 749
339 384
151 288
595 153
267 461
292 466
426 350
271 775
223 594
106 104
640 762
257 458
338 670
64 70
689 212
270 719
513 161
303 664
449 98
370 268
560 662
734 538
212 206
514 787
352 620
92 544
583 701
202 473
123 618
95 13
382 718
284 95
79 587
759 81
237 329
349 797
543 636
536 307
394 602
295 298
422 739
42 557
640 596
583 315
766 678
680 348
596 164
443 676
751 754
757 189
636 658
538 731
46 626
239 792
428 534
290 403
25 684
160 217
480 743
532 446
622 413
346 770
129 341
198 81
296 155
622 484
366 712
415 412
91 654
405 519
740 247
122 765
132 635
534 612
578 267
611 752
232 509
275 361
51 473
794 347
181 168
383 547
433 798
511 524
653 468
243 145
268 718
463 400
553 197
564 683
16 727
188 600
437 463
514 488
136 508
387 317
229 770
416 662
768 480
386 173
148 181
671 416
99 334
368 204
531 133
440 100
60 628
700 497
291 414
185 779
475 124
297 704
94 265
566 415
745 152
140 446
333 11
414 785
345 783
541 77
116 181
529 528
361 429
578 652
44 315
632 519
440 481
775 534
746 541
149 692
245 290
338 130
653 304
467 199
287 209
628 755
742 357
484 304
786 262
508 382
577 692
453 569
725 428
304 672
521 5
116 318
647 6
449 501
310 116
700 598
677 80
105 172
437 141
476 775
403 536
710 533
781 363
654 706
344 158
578 417
516 694
736 363
252 737
416 563
405 668
713 283
748 18
455 385
160 483
361 115
571 271
200 552
186 55
459 82
565 589
500 281
36 436
197 288
725 613
51 330
482 316
613 430
335 620
368 47
655 281
162 427
104 715
531 290
770 190
373 535
780 425
369 16
413 566
656 338
731 260
668 413
576 34
396 463
654 764
510 62
245 225
41 349
140 572
191 462
315 116
197 295
93 118
663 506
684 71
44 616
331 265
581 108
299 177
571 505
493 634
567 290
59 608
191 199
381 383
213 696
51 410
543 145
81 758
651 317
29 248
485 361
65 267
21 364
796 144
69 490
778 189
780 389
797 172
140 730
107 353
178 158
316 273
655 397
583 59
714 165
307 400
78 372
219 99
288 215
595 709
257 126
98 590
515 448
762 208
730 421
561 461
131 429
734 787
26 70
46 293
235 705
245 313
629 464
412 117
231 559
378 489
685 477
279 753
477 593
161 407
566 274
68 697
704 355
684 282
425 730
575 660
635 372
173 464
388 137
133 620
696 512
661 134
541 492
87 218
637 248
177 403
74 246
300 778
153 185
261 578
467 388
790 655
761 163
671 701
652 5
521 100
69 734
234 610
778 673
380 615
473 557
570 548
355 423
78 60
160 339
638 627
280 180
482 241
343 354
494 547
711 568
200 780
502 786
142 33
660 522
200 685
631 771
433 539
746 512
599 106
403 790
733 683
170 768
476 66
674 171
613 137
739 13
117 793
352 611
26 212
685 227
449 68
550 435
607 496
499 407
602 102
749 87
338 119
407 14
185 281
537 351
418 476
716 87
22 268
250 48
32 135
627 482
204 377
117 363
425 616
322 579
270 271
667 608
391 274
175 128
108 712
479 78
741 396
518 763
664 768
363 697
456 191
731 660
120 48
575 98
664 98
677 134
369 544
295 312
371 470
441 31
382 120
109 675
68 627
638 733
148 202
182 604
745 113
16 417
161 591
515 377
689 393
63 611
489 710
123 412
380 564
443 315
237 105
190 305
284 29
590 432
583 772
236 80
437 252
497 150
44 213
79 285
158 495
96 199
405 220
612 786
336 607
653 125
712 43
431 197
424 573
181 559
546 418
639 535
222 337
686 618
102 765
104 612
460 552
11 418
324 175
404 661
783 257
338 695
652 321
444 277
95 626
36 193
244 676
728 18
565 166
637 219
132 293
383 144
45 394
562 370
570 518
583 105
327 121
0 180
443 445
9 538
271 45
731 67
273 211
85 390
378 274
161 62
567 544
206 613
491 321
535 613
391 318
718 719
439 270
451 82
715 460
172 538
57 455
605 683
667 243
273 245
69 787
307 637
83 65
2 126
738 537
739 330
55 209
601 46
32 604
129 747
264 653
38 321
309 195
204 176
790 30
421 60
17 280
697 452
697 251
579 636
788 518
518 395
280 671
441 312
475 122
611 739
776 201
612 285
397 369
13 387
751 786
447 320
266 696
772 515
147 551
703 487
622 421
82 454
292 76
318 319
198 481
610 526
683 423
363 280
344 376
219 647
362 219
167 180
467 491
248 167
595 151
654 769
573 289
423 417
717 741
737 115
774 547
194 657
522 557
489 418
134 709
617 48
480 336
581 147
28 29
314 175
180 521
144 305
10 567
723 727
60 212
394 34
311 140
244 34
698 733
4 384
194 622
784 674
158 565
374 538
146 240
713 327
761 57
632 323
176 107
602 588
319 549
175 183
689 771
569 587
704 573
171 451
747 156
325 458
273 251
196 420
492 462
299 453
519 483
329 248
591 131
388 462
680 115
645 570
86 414
357 791
540 81
442 487
589 319
145 414
123 694
386 615
356 685
620 427
369 149
227 512
281 616
526 513
731 372
283 18
338 193
361 430
274 355
470 415
226 615
29 349
61 416
516 417
653 337
45 222
38 272
286 319
440 13
33 372
737 668
742 275
61 655
258 687
562 728
302 788
95 684
690 157
652 406
574 505
743 171
280 782
796 566
653 436
579 238
360 516
107 654
344 168
509 602
56 271
82 710
612 177
146 502
334 798
108 461
56 404
184 336
738 180
454 591
617 234
382 529
302 489
384 198
209 445
352 617
717 434
80 529
612 226
583 498
225 691
511 633
295 696
169 233
76 175
377 245
409 759
775 264
448 711
462 209
356 15
27 273
449 107
354 613
685 137
664 462
381 375
295 676
271 16
462 700
192 39
497 153
350 472
769 350
383 432
559 292
799 138
565 0
597 472
166 483
161 30
145 542
405 441
771 229
9 785
481 201
376 178
707 726
203 676
276 586
660 387
78 659
526 196
212 675
220 378
358 381
408 56
476 365
49 799
594 58
784 275
612 360
454 519
286 657
747 114
795 608
501 426
19 579
174 231
455 394
609 365
327 217
421 355
583 470
354 729
81 338
205 693
698 211
764 536
420 711
650 415
519 704
393 539
483 567
770 490
513 132
56 393
349 29
748 484
500 655
414 133
193 619
26 444
382 790
180 2
253 31
417 325
735 363
416 770
482 738
461 548
70 69
141 772
98 441
456 150
296 70
283 42
241 661
486 623
203 666
625 457
249 595
334 184
510 750
507 192
688 520
740 311
589 433
283 239
427 739
390 275
362 225
317 603
87 3
427 642
222 604
299 471
751 633
208 461
135 715
206 376
435 146
687 576
132 170
15 559
461 757
34 23
535 704
627 174
259 606
16 481
762 668
505 714
53 265
727 541
180 133
117 167
632 4
295 764
526 662
75 187
172 461
211 707
717 38
433 177
196 449
210 158
669 267
424 275
532 704
16 264
389 133
783 221
137 278
537 663
141 164
50 665
178 613
572 95
203 205
624 399
206 35
110 428
654 86
703 387
342 719
203 732
52 187
153 189
17 243
404 510
407 6
375 585
620 499
233 23
704 57
775 463
444 437
91 299
523 794
238 66
713 441
350 765
180 503
506 550
298 462
260 706
468 636
43 640
687 628
216 592
686 543
607 682
180 698
533 255
244 771
673 157
765 223
474 497
279 532
247 577
546 508
35 566
696 431
407 583
259 175
727 497
718 86
380 98
336 113
705 580
437 579
289 754
354 315
451 633
47 251
411 145
759 798
712 207
429 671
342 241
46 622
738 764
708 670
414 245
336 319
25 325
98 667
279 453
182 282
638 582
533 601
727 44
600 639
603 581
510 146
22 108
320 313
72 228
183 486
25 71
358 403
396 8
270 227
13 452
510 652
586 595
453 514
640 605
705 443
387 768
141 409
76 461
274 149
242 458
187 267
81 545
670 478
554 492
705 567
497 767
771 283
563 425
797 755
230 255
398 617
223 92
579 299
105 53
0 347
63 540
615 497
285 37
527 391
530 784
511 227
752 482
62 67
459 60
22 242
667 772
411 90
64 542
741 170
148 294
517 563
34 684
260 319
274 787
263 4
772 326
583 724
360 645
791 20
257 365
614 476
337 225
566 402
768 60
124 116
354 193
679 388
78 140
259 704
479 522
260 451
400 43
727 761
240 270
781 50
635 595
526 173
372 645
127 340
705 251
8 259
444 688
199 74
380 458
778 59
533 238
63 133
633 790
446 426
261 427
476 96
574 554
621 499
399 748
39 656
199 400
467 196
640 666
622 220
325 153
631 410
743 694
95 129
685 542
555 498
521 583
146 648
689 768
347 289
716 386
145 468
338 613
216 178
31 38
398 708
543 582
318 487
28 414
168 265
508 723
763 229
58 110
77 747
78 424
588 794
363 286
14 701
451 230
80 482
621 30
391 364
164 709
403 193
675 123
458 383
398 422
613 456
532 242
756 162
667 544
508 582
30 523
483 33
305 115
516 126
498 107
43 662
368 798
55 244
122 514
179 520
136 344
177 220
587 485
734 6
229 442
588 612
517 623
645 23
739 713
501 789
20 544
651 741
543 707
185 665
773 716
737 461
613 466
233 400
151 167
758 733
161 546
97 679
721 742
254 212
208 755
201 228
500 53
169 595
312 706
12 285
175 749
746 788
416 179
740 119
346 698
52 59
444 149
738 717
444 192
130 652
500 331
432 552
384 602
347 696
60 711
533 235
660 479
575 628
658 515
748 556
413 352
616 409
502 106
327 146
651 457
350 351
788 782
455 725
136 2
173 197
713 707
784 125
738 560
306 597
627 606
705 241
158 73
650 660
532 529
358 383
186 708
286 527
243 741
4 379
295 177
128 560
436 465
237 375
577 543
172 404
701 429
645 60
55 48
272 587
129 183
522 316
91 360
395 686
653 399
266 500
128 746
260 565
411 497
140 540
593 664
145 494
293 342
106 700
742 731
487 72
114 561
740 557
473 335
444 326
286 262
26 414
208 286
179 172
336 671
712 481
535 409
527 381
304 186
281 246
117 321
318 231
82 610
788 556
497 432
434 783
246 461
750 455
299 481
179 187
353 91
220 88
53 748
469 357
134 303
603 603
624 474
34 258
636 374
366 334
359 1
669 605
462 619
612 313
301 791
501 206
435 273
294 488
221 316
397 707
171 552
510 795
578 96
605 415
471 172
749 30
173 618
635 187
790 0
500 291
791 553
497 426
27 343
466 600
211 63
60 382
616 570
729 746
219 535
361 690
707 662
272 80
481 459
619 471
459 319
314 451
425 363
429 4
706 448
604 118
63 664
52 231
787 782
178 206
517 539
448 776
402 720
408 435
731 227
458 391
98 772
394 75
335 375
79 593
23 236
263 87
100 316
318 439
650 48
197 719
588 197
695 542
469 303
177 401
82 635
792 180
159 738
256 46
313 335
639 337
123 103
776 576
771 646
215 621
695 765
540 35
162 787
577 632
290 754
233 372
141 577
104 652
67 712
698 380
600 537
269 723
192 597
499 515
444 715
336 691
680 428
726 394
415 503
226 257
9 11
181 502
140 286
354 207
198 604
140 798
693 761
722 86
559 421
153 555
688 490
446 120
470 724
515 86
779 293
695 788
305 77
42 797
363 748
557 113
552 697
112 445
658 386
83 769
7 237
524 248
279 522
368 749
798 435
387 777
729 635
317 586
712 359
135 275
307 692
388 411
141 52
409 352
438 492
321 798
281 398
246 112
472 166
414 471
154 353
448 435
188 766
221 100
677 708
375 537
601 316
148 742
720 109
646 359
154 168
709 435
118 155
548 590
673 514
613 27
67 262
462 256
580 235
356 457
144 284
194 297
152 695
591 72
4 438
431 510
158 692
146 276
47 246
418 273
760 232
652 27
46 315
635 178
102 192
635 598
28 382
95 180
629 239
252 185
677 236
696 35
128 394
663 528
640 281
1 152
65 653
531 111
520 367
641 623
111 477
773 139
411 69
319 592
308 123
777 537
711 673
124 40
619 787
120 11
620 473
515 686
326 247
349 399
166 191
574 629
220 547
320 183
168 191
775 28
314 752
565 226
178 689
618 797
228 738
361 49
763 76
287 289
675 636
240 41
379 366
222 151
114 542
334 634
733 309
663 600
262 780
378 792
670 196
341 450
486 702
499 449
779 338
290 654
527 83
248 106
449 22
258 115
565 144
750 50
454 613
650 268
593 228
260 15
776 153
18 14
408 69
15 387
408 306
593 135
741 393
593 390
416 403
506 533
548 456
583 202
621 434
470 766
214 282
334 543
787 352
557 395
421 573
782 381
431 128
516 372
73 662
762 489
265 20
222 13
28 358
567 649
344 237
168 558
71 502
301 59
406 59
454 379
184 789
761 615
469 29
187 542
691 501
584 509
522 358
522 550
716 290
752 260
79 472
371 503
526 224
562 132
635 568
63 19
109 376
634 578
758 373
673 649
75 457
710 149
15 785
251 284
627 555
544 706
227 467
761 753
692 75
437 527
644 53
99 753
429 733
84 387
659 757
589 286
766 499
787 781
36 238
265 663
346 362
122 125
381 83
431 273
159 68
353 355
473 452
660 103
737 744
490 596
253 631
434 219
683 421
553 719
212 370
583 558
284 705
235 666
340 666
491 499
287 44
54 760
496 267
63 434
211 106
582 17
289 569
588 172
190 341
92 754
264 675
64 100
132 300
766 472
166 458
524 453
54 578
414 551
397 29
537 161
487 671
178 777
440 766
149 183
660 593
137 476
20 202
576 152
502 95
625 220
553 349
674 159
479 640
710 429
669 799
590 709
223 768
686 215
286 387
398 498
181 88
526 201
642 303
354 696
398 531
116 503
432 790
662 463
630 125
92 52
476 234
761 251
554 199
467 41
586 417
91 767
505 170
521 347
473 427
243 423
510 360
478 142
702 692
157 85
369 602
137 46
36 450
297 591
649 316
184 787
734 627
307 439
797 28
339 22
455 134
797 165
46 27
659 301
272 368
386 641
522 75
239 111
77 89
254 726
405 790
265 691
617 572
331 167
600 222
541 607
708 91
324 755
118 535
256 390
456 194
584 178
269 23
641 346
464 95
624 422
85 89
313 255
662 196
774 14
418 515
174 327
158 498
634 277
586 442
219 242
636 3
772 105
379 614
3 43
709 627
17 347
268 331
602 482
527 128
49 146
195 223
25 354
273 659
183 59
653 402
653 489
758 626
146 689
792 149
284 701
328 302
600 596
633 754
631 360
82 680
58 278
103 83
184 376
294 367
788 147
321 641
188 631
19 334
520 363
483 357
265 363
659 417
160 44
372 791
404 6
671 15
636 326
450 20
702 297
387 242
444 261
436 185
92 7
519 165
371 555
522 188
118 733
605 630
777 529
173 733
536 396
748 372
722 399
393 177
696 332
419 692
145 407
429 238
415 149
403 786
256 477
174 374
410 331
557 739
61 730
672 597
327 621
521 249
572 114
778 20
799 398
264 144
5 694
734 772
43 689
758 651
366 484
577 328
368 334
267 429
265 140
578 144
313 299
745 437
766 724
457 317
674 273
13 679
167 748
204 562
637 162
413 556
199 191
436 119
525 704
548 342
396 678
38 261
529 784
698 47
260 707
364 134
180 730
13 348
678 569
110 67
284 76
175 483
267 612
602 344
68 702
239 464
132 629
725 661
613 623
261 73
82 177
559 262
107 125
162 337
694 625
757 178
701 132
661 520
296 15
416 364
269 655
380 401
37 305
615 650
480 76
276 114
253 35
377 713
160 91
250 55
716 207
585 617
692 447
689 540
14 306
457 636
513 37
589 550
695 404
401 727
32 229
42 638
616 771
551 329
62 353
736 779
113 521
148 357
520 38
97 87
344 106
723 57
144 512
608 391
469 561
670 501
342 712
691 510
235 442
39 650
348 327
181 461
49 329
18 569
719 467
656 615
574 131
673 270
644 33
661 665
146 531
366 40
796 258
550 583
252 142
433 600
469 614
613 70
496 631
192 415
299 400
231 425
532 456
695 728
41 108
593 187
191 511
579 187
321 329
323 574
23 756
726 45
571 540
115 267
723 307
234 574
260 465
199 792
121 446
272 162
554 65
701 746
576 480
485 98
362 8
224 737
317 502
782 440
594 450
259 518
757 493
644 569
159 396
113 632
42 385
347 597
2 248
95 579
281 580
229 195
141 5
132 458
507 115
98 302
565 357
372 74
50 216
644 561
612 757
746 655
695 293
4 697
93 451
28 374
231 609
121 724
614 254
382 674
369 32
176 486
389 548
112 792
316 308
105 129
266 51
336 513
344 692
410 790
343 439
716 126
248 38
403 415
292 785
289 213
370 17
251 759
117 363
303 433
672 409
114 490
12 2
203 709
246 165
699 141
156 615
268 757
205 223
372 49
560 213
262 130
230 65
442 347
429 745
332 653
706 447
695 719
1 450
628 248
615 79
389 772
246 209
281 452
432 205
53 193
418 316
323 648
733 317
547 714
263 79
567 521
78 462
792 80
112 172
328 280
251 269
604 50
479 85
54 111
290 107
656 260
775 532
108 709
49 207
623 664
286 743
386 717
757 378
797 422
103 677
702 706
146 58
756 177
495 10
641 785
118 497
597 445
229 705
354 631
464 530
495 302
25 433
219 782
12 568
404 467
445 658
373 144
268 330
321 763
692 514
300 362
212 97
8 793
354 714
624 18
796 672
321 21
305 92
4 669
661 760
336 658
171 710
354 439
592 676
403 484
390 703
399 154
353 407
500 707
673 676
726 670
548 599
691 54
691 695
723 104
208 612
315 379
74 669
18 666
545 773
702 488
229 301
194 582
708 694
41 582
571 767
452 671
118 695
725 362
591 201
18 799
365 333
730 439
203 300
305 300
274 207
340 55
509 535
637 769
781 230
103 552
198 107
776 668
3 253
582 146
454 601
497 371
134 427
10 689
727 667
190 553
427 530
608 488
617 797
457 599
228 113
703 778
220 679
198 575
133 781
721 139
582 418
511 268
45 73
158 325
741 700
78 720
782 239
408 600
236 417
399 16
530 302
794 303
534 545
78 667
526 0
358 660
418 69
480 16
495 190
341 788
90 771
708 73
210 316
225 799
733 624
15 16
478 362
319 212
107 749
431 185
749 790
397 720
411 77
736 106
268 629
94 710
600 354
335 11
670 560
10 156
736 377
172 415
739 43
627 398
792 259
135 294
601 532
214 212
610 502
319 430
331 765
340 483
320 228
494 542
340 56
698 277
434 422
244 725
17 71
676 362
682 11
656 483
96 422
248 706
476 567
688 359
84 580
42 756
8 537
499 349
145 749
178 131
372 422
409 741
45 637
303 280
648 511
763 296
485 211
202 161
330 90
520 767
671 115
723 231
204 422
132 349
372 310
481 296
284 442
237 330
279 541
610 479
604 125
776 290
689 530
451 571
173 524
538 396
639 462
627 43
436 312
744 360
622 777
208 459
419 446
789 250
539 151
730 343
628 258
633 517
788 637
289 161
713 379
557 104
393 737
499 382
249 443
742 423
773 151
82 392
149 423
195 240
126 125
583 755
735 769
24 723
158 665
85 71
245 194
527 638
131 226
572 732
669 515
356 642
218 790
587 719
414 334
159 92
459 294
47 394
263 72
669 773
737 306
44 534
501 571
725 184
349 497
117 219
564 25
413 334
15 552
253 781
86 412
74 97
707 473
43 522
545 265
496 35
571 92
121 624
216 398
9 565
96 478
336 212
503 302
547 70
406 0
52 493
765 478
142 224
151 538
298 249
3 346
636 574
439 757
399 207
356 760
324 4
790 661
216 493
515 315
115 121
668 167
166 185
645 309
409 349
399 259
598 402
606 434
528 597
743 479
356 651
439 680
655 429
93 424
474 608
291 142
730 159
309 448
344 507
309 305
56 708
117 206
662 723
640 391
72 583
70 428
787 62
308 642
43 402
618 70
562 110
212 44
621 73
493 518
132 2
23 188
711 492
746 573
415 586
516 39
722 139
467 709
201 328
103 596
282 274
666 44
384 430
89 557
504 134
275 636
136 651
377 399
343 323
525 311
462 241
350 736
380 370
197 133
698 652
282 180
126 500
576 62
131 217
620 187
351 95
375 40
746 752
439 290
628 516
601 642
758 503
130 690
73 327
376 771
179 658
503 658
358 280
720 41
49 540
228 401
636 604
441 582
108 432
424 288
149 577
130 459
281 260
701 354
139 277
678 671
487 733
529 46
565 449
87 615
190 668
216 378
472 209
512 580
193 137
421 342
714 551
1 547
364 703
102 55
532 332
726 220
265 7
618 31
457 705
646 199
573 414
577 597
175 641
730 368
778 351
263 245
454 616
792 370
71 446
426 604
778 704
376 596
264 194
179 273
451 377
472 577
343 601
374 518
442 304
438 773
207 701
218 662
70 210
232 141
209 210
297 539
467 673
335 731
419 66
204 71
443 228
648 786
29 222
56 23
79 495
796 286
748 214
500 18
777 285
512 186
495 361
725 514
235 613
445 654
679 201
277 323
429 125
661 10
348 718
386 779
765 382
617 265
149 318
636 478
603 348
216 650
709 493
365 496
306 362
703 538
116 180
413 545
306 274
108 206
544 494
537 61
428 354
327 129
672 163
607 27
63 23
678 324
69 595
21 375
509 276
113 625
456 526
723 314
353 31
72 97
77 609
511 505
516 38
635 388
201 794
768 616
370 646
140 439
793 513
366 502
789 480
328 798
558 603
664 463
634 737
113 263
98 624
768 614
662 155
555 415
502 523
231 424
721 723
63 714
437 429
768 778
461 296
776 572
451 641
587 285
130 700
548 228
76 69
395 738
576 150
705 630
673 488
254 594
412 669
60 401
651 28
379 664
677 708
436 328
101 576
614 583
476 714
11 105
335 758
395 464
108 301
646 781
341 101
127 305
322 187
706 173
216 638
38 445
546 26
773 199
602 139
782 631
406 345
736 741
304 683
757 764
184 604
746 526
257 425
31 131
613 290
305 381
128 695
26 226
273 799
425 428
491 759
259 97
656 547
38 160
430 348
125 167
504 423
245 313
