600 4800
190 24
423 413
415 584
367 526
332 227
303 112
327 244
410 592
552 273
572 95
163 61
523 544
421 131
529 357
489 9
206 79
386 381
244 201
366 11
480 450
590 535
563 317
531 125
62 483
399 386
578 314
448 254
10 21
385 540
130 26
301 89
105 439
470 350
41 588
113 273
439 104
560 402
173 491
279 235
126 78
374 457
145 222
111 155
595 248
447 126
274 501
215 379
340 437
481 133
426 595
158 265
451 118
419 24
9 98
12 488
529 386
345 74
360 456
581 355
104 429
233 378
82 200
509 422
38 391
308 464
386 466
129 237
585 300
13 346
398 25
234 79
163 331
505 523
187 487
31 43
68 264
421 150
465 331
572 255
474 280
119 260
499 0
249 484
300 14
582 450
40 569
530 203
300 435
479 488
322 510
531 142
174 105
292 391
188 17
46 62
297 517
74 548
517 323
432 569
89 167
420 481
136 350
437 436
537 316
324 12
226 8
154 152
113 447
544 301
464 342
363 513
260 189
462 529
512 46
499 353
565 319
235 101
421 72
538 358
388 14
122 14
22 277
518 487
476 214
540 92
557 55
357 569
244 571
498 508
18 149
262 335
468 497
437 41
569 375
152 109
141 274
123 516
551 393
155 179
8 96
271 317
503 29
38 148
0 536
408 370
438 70
106 58
319 543
100 40
70 252
149 563
526 24
479 230
418 35
409 426
483 433
143 386
462 181
286 214
469 95
337 59
517 443
118 237
138 218
277 560
470 427
275 148
451 155
378 21
542 540
447 177
373 342
563 587
275 2
201 497
449 290
556 366
133 74
355 23
44 385
335 266
212 11
415 415
518 193
437 460
485 36
37 258
131 352
245 406
106 199
55 555
489 364
322 375
438 429
150 235
214 486
501 426
249 316
594 167
262 183
379 147
219 416
406 102
520 403
509 27
354 316
334 596
80 408
123 519
238 273
506 452
511 407
31 160
124 377
327 386
560 458
285 531
26 91
34 547
247 295
326 353
11 60
349 92
221 472
363 459
498 269
311 409
76 94
322 552
471 401
90 431
260 376
115 286
219 149
233 218
444 311
572 207
124 321
299 345
546 414
204 444
83 267
5 512
362 327
216 233
129 59
417 389
435 532
75 406
433 61
25 29
124 597
236 248
70 288
345 16
102 301
212 538
569 218
450 83
545 418
68 74
477 237
215 64
521 43
471 354
104 496
383 228
245 372
229 315
60 574
332 514
276 296
452 597
514 54
432 212
473 500
38 102
490 254
167 411
297 38
166 153
286 301
381 531
425 362
246 485
337 330
152 365
27 4
114 541
59 546
153 284
198 192
386 440
198 553
252 495
343 170
400 29
223 181
560 49
296 559
286 33
289 438
150 68
443 16
362 254
314 267
290 264
211 76
105 409
382 357
56 125
279 456
507 502
390 467
551 86
178 238
471 220
428 373
288 23
389 402
277 103
70 567
367 281
396 224
443 178
581 251
55 12
460 314
515 250
534 466
88 112
456 311
332 37
84 373
60 473
175 90
328 245
409 95
279 205
320 122
135 53
125 543
66 585
257 333
587 191
551 75
304 160
386 388
197 470
161 9
95 337
99 423
582 509
271 13
466 343
135 354
148 13
297 566
598 554
299 586
498 251
61 554
411 200
342 8
422 504
17 518
593 469
93 327
378 116
341 596
459 228
350 8
241 47
326 240
354 26
578 4
277 39
558 88
591 52
448 414
556 217
84 301
86 529
29 216
46 122
565 505
350 315
265 344
115 344
336 221
370 314
225 47
105 535
487 449
587 87
263 296
304 99
597 143
28 378
111 74
500 76
332 3
392 349
99 259
93 187
480 215
501 457
262 358
392 501
207 379
588 222
75 45
321 425
540 102
555 51
528 456
480 12
211 24
362 62
283 207
249 163
423 150
20 437
260 164
91 220
295 79
442 123
476 516
548 416
18 503
220 298
111 100
311 74
124 425
136 159
32 385
322 207
287 94
397 300
10 488
520 305
319 362
428 196
30 376
364 48
32 336
347 495
188 410
570 64
235 458
223 267
244 297
227 283
143 24
583 153
264 503
459 583
18 39
531 48
168 48
449 200
384 548
95 325
358 417
389 593
276 365
12 272
62 239
555 206
15 539
111 279
194 322
15 212
362 546
261 530
594 110
130 131
410 577
456 168
147 597
161 423
362 173
447 177
165 402
383 532
93 246
212 40
569 227
4 331
525 265
261 520
127 143
403 537
472 11
457 371
360 18
546 123
544 393
300 461
548 435
393 41
81 5
433 50
584 438
133 510
455 146
182 583
289 337
272 514
348 482
285 108
500 232
583 196
25 35
57 573
222 451
367 304
208 200
106 545
390 592
455 246
138 389
581 428
126 5
94 474
487 379
334 388
11 70
336 389
105 394
114 328
597 481
384 205
434 242
150 224
234 357
222 125
146 203
305 272
209 399
498 96
178 585
236 542
55 573
83 512
367 197
592 116
431 128
321 17
371 224
593 357
581 216
482 128
419 539
152 380
338 403
477 269
388 113
563 195
438 46
107 557
595 452
73 426
580 395
195 351
371 189
461 352
405 95
232 576
35 137
357 125
540 586
394 80
99 357
27 290
155 134
247 151
586 73
329 319
468 525
70 591
466 283
343 271
131 328
599 518
217 356
43 157
342 438
589 194
547 16
236 103
502 483
254 241
556 335
560 176
12 382
167 478
418 263
501 549
343 501
467 560
9 510
469 104
100 210
298 48
226 534
151 480
169 157
121 478
244 433
54 257
216 574
135 34
589 389
335 84
42 554
44 51
464 265
155 317
475 205
365 453
491 268
333 61
177 207
539 421
392 345
430 8
71 318
394 60
107 481
144 149
435 540
552 52
205 108
369 432
65 134
285 557
402 371
18 331
578 309
152 370
406 583
131 478
53 277
290 160
159 187
61 594
479 13
46 437
121 415
269 187
301 555
496 455
326 266
186 56
575 91
178 133
426 309
363 479
339 406
391 498
593 452
244 224
465 43
61 339
210 331
278 512
38 174
119 364
440 306
172 167
149 350
300 575
412 64
454 151
470 245
401 215
449 397
439 314
440 253
53 403
584 331
67 22
257 186
138 97
244 62
264 393
412 317
368 576
381 574
479 3
571 32
570 172
430 161
487 22
414 292
425 150
376 244
524 33
431 414
131 75
476 147
221 41
464 341
369 597
68 249
352 39
281 322
564 463
236 451
238 402
495 415
553 271
60 229
57 491
44 540
318 520
87 539
313 304
281 83
301 349
332 54
140 365
128 104
581 364
307 219
167 555
34 472
226 94
101 35
337 497
575 408
170 415
347 483
119 380
566 420
481 50
226 22
168 355
478 149
471 538
368 390
493 154
14 471
1 468
507 338
365 482
146 535
297 246
419 416
378 137
589 260
540 215
282 108
322 512
257 546
450 377
88 343
531 103
567 532
323 474
23 88
356 521
376 406
519 547
574 298
436 563
558 376
531 592
484 5
256 493
551 107
270 392
202 554
247 521
238 570
395 13
410 504
535 186
310 206
485 36
504 322
0 214
98 283
558 335
288 215
228 592
74 251
136 28
205 383
550 443
353 97
457 515
1 144
454 63
102 339
100 359
413 100
573 264
135 284
599 423
251 579
167 325
230 303
105 435
86 407
31 191
505 240
459 506
136 313
570 238
404 70
597 218
522 323
234 57
359 233
232 10
212 152
87 195
455 192
30 294
352 413
237 257
53 96
163 541
161 485
180 566
307 529
536 229
252 170
38 11
155 271
373 367
423 460
562 30
405 345
324 157
510 314
414 564
410 329
505 572
567 437
290 274
367 226
256 371
148 294
383 303
317 156
70 492
369 385
523 174
482 599
331 392
313 497
108 476
578 366
200 545
203 490
220 322
116 476
94 264
522 229
319 240
137 141
484 506
526 407
80 160
159 163
305 224
60 413
100 391
531 300
336 135
190 308
209 58
536 303
74 459
284 393
451 422
535 335
80 213
495 513
126 54
76 431
30 489
596 131
280 528
183 16
415 374
77 24
184 13
80 11
472 364
156 75
538 443
163 19
57 58
532 535
464 360
366 494
249 362
25 529
42 209
298 457
335 375
234 271
140 314
282 365
430 191
440 369
34 3
140 443
413 72
378 277
432 144
524 434
259 549
115 53
510 413
511 597
540 497
21 433
211 55
198 393
246 38
162 281
394 54
124 559
126 503
237 311
399 161
145 410
462 260
464 125
426 127
474 118
24 495
551 587
551 149
380 549
540 295
582 86
349 107
45 228
362 34
539 513
195 84
324 410
96 540
287 522
67 161
393 443
409 344
430 112
246 210
61 538
257 44
24 359
503 69
587 265
456 278
178 51
114 254
213 210
194 500
485 13
62 278
456 223
374 38
335 20
1 396
558 258
192 334
17 95
156 356
112 12
34 43
415 148
297 29
111 244
281 596
9 95
26 218
318 400
256 53
173 257
450 131
268 394
466 37
490 374
146 354
386 180
397 201
81 447
230 192
91 264
188 452
359 214
70 78
366 79
131 539
88 333
71 356
128 289
146 370
63 292
124 201
224 274
402 305
121 385
497 564
49 85
416 408
51 239
238 418
318 370
357 406
455 180
515 335
221 61
105 36
105 582
237 329
256 392
35 377
177 532
341 578
370 509
386 173
148 25
343 466
147 453
273 2
385 540
338 7
1 195
395 106
177 385
187 185
177 222
314 106
507 407
84 29
317 222
202 217
599 546
84 146
399 109
501 184
49 591
543 402
186 91
260 116
476 447
53 405
422 368
511 329
527 595
358 244
217 312
462 569
10 298
467 409
159 368
346 560
111 41
362 50
132 374
518 360
221 571
165 43
91 76
124 19
423 234
263 41
547 477
362 557
527 229
119 86
598 217
398 461
258 160
511 143
286 429
503 508
401 421
303 492
497 428
263 321
62 527
114 361
156 476
319 436
105 190
522 455
407 73
69 417
585 580
560 272
410 216
532 563
37 235
207 534
415 471
7 230
150 473
591 58
101 62
494 207
252 169
414 411
242 235
229 227
216 189
251 378
157 183
93 194
419 300
481 234
523 240
216 425
114 208
236 215
22 130
174 275
51 341
438 45
576 67
25 192
9 276
322 166
460 415
113 31
468 594
17 143
234 234
321 100
194 557
316 216
439 242
491 491
583 82
288 312
149 313
256 158
342 579
77 202
394 190
585 14
536 2
158 170
236 479
23 430
188 91
47 27
333 290
270 69
372 559
381 274
24 37
184 366
368 261
320 515
451 305
529 139
308 439
62 296
70 85
479 258
176 526
286 261
568 308
330 93
19 463
367 44
253 551
162 21
565 483
536 168
540 218
308 0
57 370
297 128
455 176
386 383
454 424
44 422
133 127
267 152
590 386
548 595
338 463
17 55
346 553
223 38
171 531
39 581
53 336
109 260
264 247
43 118
424 440
292 309
319 312
461 309
98 162
305 436
25 74
243 123
379 467
513 303
150 552
284 556
40 145
216 304
144 12
174 568
452 219
277 171
531 491
232 29
53 289
218 430
363 461
305 495
80 218
198 583
171 482
539 563
379 155
20 523
167 546
492 371
165 521
294 448
412 527
478 217
568 448
399 84
309 104
579 142
75 177
125 598
411 64
561 542
571 581
465 139
528 109
262 445
31 557
294 195
236 172
413 204
372 212
288 81
69 267
223 144
196 100
142 359
164 103
301 136
437 519
27 117
28 289
562 411
246 8
7 482
532 172
439 304
136 127
386 205
147 361
349 95
214 491
455 378
347 156
266 536
427 293
53 456
335 367
19 581
376 26
216 308
550 55
365 87
534 503
292 81
16 394
529 230
285 384
9 384
292 275
320 120
321 125
328 56
245 347
389 21
126 5
81 76
412 446
515 347
349 208
180 366
2 109
596 39
245 357
176 538
385 248
410 458
374 138
514 19
237 303
392 115
61 225
544 473
72 459
572 173
67 505
291 421
366 40
213 12
149 389
302 534
37 112
144 163
2 58
534 239
114 326
355 175
304 299
400 128
158 125
301 578
30 345
151 148
137 364
160 286
505 462
573 295
574 117
458 576
528 145
568 42
223 75
569 527
126 369
55 36
246 109
14 28
206 518
177 343
34 337
381 540
552 354
235 526
224 445
255 152
342 575
194 566
50 163
245 176
284 301
212 531
162 579
559 368
497 136
111 283
226 492
223 178
599 210
456 575
408 463
127 502
438 73
468 240
588 114
168 24
167 133
555 81
112 267
449 361
155 312
44 381
556 20
311 307
582 168
282 390
383 409
293 574
234 513
214 222
379 135
247 298
268 554
379 380
573 228
493 129
292 289
262 249
309 574
556 292
494 239
434 277
400 479
3 35
145 218
9 524
353 8
575 373
563 354
153 536
335 398
417 27
87 80
28 149
406 585
441 300
576 27
329 128
259 333
515 404
303 525
80 408
533 55
181 248
162 86
537 497
484 354
276 323
186 305
472 592
42 65
292 370
93 22
498 104
107 414
260 410
91 340
218 24
148 151
25 62
237 562
559 473
68 587
196 255
44 69
247 86
134 292
208 579
66 107
83 173
273 343
335 364
436 305
140 336
456 517
398 93
231 109
566 300
96 514
307 493
583 554
331 118
598 540
449 64
399 533
589 72
28 324
188 216
29 80
552 485
598 350
330 229
459 48
281 308
563 588
201 546
295 532
416 293
224 266
110 23
551 99
447 331
176 35
548 205
116 500
443 466
3 173
95 214
222 377
522 537
117 475
483 412
160 52
458 384
70 568
408 373
419 255
104 595
43 404
201 511
57 44
377 60
569 224
274 543
353 549
480 471
176 116
35 336
520 493
121 590
461 529
363 281
536 219
28 579
376 229
242 433
25 371
493 347
596 519
290 101
220 523
572 397
391 8
133 311
253 254
53 467
535 416
500 472
387 528
203 163
158 446
348 535
217 593
282 565
513 325
67 485
0 391
282 391
399 168
454 405
422 507
272 110
75 172
582 462
100 185
378 10
383 126
546 1
120 580
318 385
57 385
270 57
177 305
200 328
473 54
485 47
561 157
157 36
329 491
251 430
77 29
440 460
507 138
213 379
471 532
164 528
69 187
338 598
244 538
79 469
345 564
516 306
122 426
95 203
317 346
33 146
127 226
359 386
116 324
166 587
8 330
516 78
269 254
428 513
544 507
382 289
224 51
596 346
229 443
549 546
189 335
445 68
313 556
454 429
280 372
417 41
103 85
471 124
91 299
38 35
559 172
325 183
223 73
281 452
516 582
151 457
317 348
277 30
56 483
212 336
256 381
377 111
466 248
235 309
300 25
344 259
198 421
194 173
494 475
378 162
457 281
371 175
381 400
557 437
284 521
173 540
302 303
51 520
303 38
229 3
64 326
14 14
147 208
187 394
83 317
308 541
350 80
468 131
480 177
568 164
451 494
456 153
549 507
426 252
546 407
8 362
133 22
376 33
583 315
427 66
385 135
359 135
567 579
267 448
509 235
364 360
481 221
265 430
480 443
83 178
251 443
292 136
465 68
169 200
136 348
267 521
484 378
56 203
110 75
51 19
63 168
379 544
141 396
375 373
240 210
304 491
53 596
27 270
65 549
471 553
297 490
474 533
268 282
137 378
358 540
149 421
460 528
117 1
325 492
127 317
102 431
208 507
427 587
178 492
288 49
445 586
291 71
271 559
354 408
90 464
349 239
37 561
520 154
563 597
47 90
314 501
521 274
161 100
261 339
593 550
140 190
288 431
14 559
142 368
120 232
584 221
224 21
182 496
175 145
493 574
587 207
228 260
233 389
361 494
480 106
196 372
48 236
203 62
196 97
182 316
82 166
537 306
187 119
202 115
17 95
89 356
54 317
369 39
458 482
533 338
588 482
110 388
118 65
203 66
163 385
134 245
304 71
551 243
543 505
358 312
352 448
68 158
517 437
197 376
319 482
466 59
364 577
200 235
394 403
53 557
540 188
202 596
259 505
240 554
162 350
266 266
550 87
424 468
276 373
596 348
256 462
159 372
191 359
7 586
514 413
295 207
1 250
203 12
507 195
567 70
546 585
336 496
72 513
364 349
286 112
449 542
575 8
67 518
368 426
256 34
239 552
241 240
202 445
253 461
392 572
531 338
557 20
235 382
285 351
483 571
464 332
266 191
340 333
461 460
159 118
495 399
422 136
391 376
333 44
237 126
368 521
216 326
541 451
460 578
555 343
549 171
75 567
362 167
300 575
28 212
93 275
11 267
163 402
43 249
199 281
375 567
202 591
45 495
195 505
473 150
0 174
73 427
142 435
347 442
162 127
54 8
402 417
275 565
572 319
566 523
0 341
242 554
85 40
449 32
297 322
534 298
496 7
125 390
194 472
233 356
351 39
364 153
209 40
471 533
359 437
208 111
531 450
65 368
490 266
400 188
588 86
238 236
93 115
27 39
340 12
395 91
403 512
245 364
304 468
49 415
57 257
526 588
460 343
356 102
9 508
42 349
346 280
337 191
148 116
230 488
480 378
579 284
290 576
400 346
196 202
161 254
459 87
242 71
182 351
174 191
11 216
292 358
249 29
301 397
146 532
37 26
62 368
62 104
345 215
450 293
417 11
547 28
450 542
100 32
45 26
575 56
594 267
166 243
296 468
392 194
152 429
221 566
198 35
70 295
250 520
588 419
283 288
448 133
230 300
517 275
326 492
83 320
511 2
316 559
222 108
154 126
538 127
92 488
162 162
183 165
434 523
584 117
211 184
2 193
484 271
220 210
515 56
283 426
58 599
385 32
107 291
158 397
418 250
37 333
164 220
498 598
496 234
467 459
171 221
53 55
492 25
18 407
81 301
233 491
300 370
523 159
62 81
557 232
331 594
565 495
567 215
245 215
202 112
74 373
85 479
428 577
505 198
136 338
499 121
230 551
492 153
111 306
235 420
538 318
166 256
214 485
471 211
100 425
324 527
198 409
406 379
139 63
329 275
402 229
397 32
180 41
185 43
347 420
463 37
139 30
293 105
515 517
316 368
342 392
295 293
554 453
424 93
517 153
120 71
382 269
103 315
310 40
358 57
213 222
95 104
4 388
209 271
305 277
391 400
422 438
93 376
292 517
221 561
70 93
32 205
363 487
520 73
279 278
483 492
252 578
596 8
118 557
280 176
587 423
576 409
262 421
537 554
338 158
267 160
3 51
365 366
290 37
192 569
316 75
462 320
53 458
329 523
168 361
451 155
184 427
564 446
0 501
152 90
411 171
251 414
222 368
533 512
406 125
482 474
200 96
546 5
306 275
528 474
388 380
29 325
559 345
171 312
598 76
402 409
247 405
576 222
526 509
486 332
34 120
558 586
216 504
591 523
532 271
397 320
403 179
45 363
276 569
427 275
397 229
436 396
387 412
18 313
73 257
397 107
377 355
93 594
11 436
517 543
108 66
16 511
597 61
26 274
382 453
549 179
435 385
328 574
550 346
287 23
3 436
483 133
191 328
127 554
165 396
498 25
462 514
536 212
327 315
486 110
520 187
41 355
324 369
81 274
468 368
298 223
556 533
356 147
261 235
454 426
31 352
451 246
18 140
458 345
455 344
207 127
531 1
483 7
370 316
282 590
85 332
214 41
265 570
541 526
558 147
105 589
499 308
235 269
200 93
366 55
189 574
183 472
575 418
480 97
134 162
88 571
494 302
365 511
24 58
437 582
205 294
572 456
3 559
125 555
53 243
11 242
217 546
115 544
116 347
42 2
509 130
326 155
184 443
66 560
501 255
543 458
550 267
66 305
226 543
260 31
186 23
26 404
321 493
100 189
240 142
544 149
24 22
56 560
465 122
521 118
129 216
328 431
483 394
488 461
337 501
245 523
276 271
79 598
516 180
539 156
74 235
57 451
257 113
411 122
587 332
592 116
548 320
300 183
114 188
397 451
89 42
127 366
65 206
116 581
138 407
137 565
43 546
416 300
411 579
175 398
312 167
266 12
488 566
548 2
507 345
206 596
139 85
362 204
291 230
537 182
38 74
147 81
372 315
381 183
294 308
333 358
476 599
123 116
318 71
470 225
168 76
573 307
513 88
263 205
318 200
139 356
26 38
437 398
105 571
333 399
31 66
510 507
417 33
375 135
456 246
112 24
74 86
83 588
526 346
545 244
298 84
1 324
474 190
474 579
513 207
130 545
273 40
204 90
425 580
578 281
578 442
57 52
280 492
40 206
590 585
451 288
421 204
364 295
146 238
26 412
445 157
109 470
197 65
313 375
45 291
408 23
485 466
428 518
110 468
124 453
206 327
141 27
283 506
75 182
496 101
594 342
258 455
212 208
520 525
583 318
568 391
93 206
9 521
124 472
142 0
325 348
80 218
127 363
124 202
297 373
56 43
115 314
498 79
274 419
357 9
137 77
401 582
35 162
504 159
34 46
512 111
146 592
330 273
107 206
228 405
579 284
448 446
350 99
278 25
518 387
34 407
464 187
141 500
102 45
411 488
443 323
0 341
315 330
15 175
536 595
580 268
279 180
114 29
279 392
406 549
179 441
108 396
380 250
48 482
47 459
371 243
535 371
584 2
453 351
177 141
346 509
409 377
90 524
407 121
68 565
423 0
158 283
148 539
285 196
421 333
407 544
328 342
67 64
345 520
416 522
62 514
432 223
292 274
499 451
147 320
416 570
320 575
254 220
514 539
168 87
24 575
384 104
318 451
169 415
124 337
89 538
251 273
161 543
547 61
394 447
381 563
417 453
538 423
425 204
115 593
291 491
568 427
596 38
31 165
205 155
502 295
93 505
568 6
201 268
419 347
115 552
310 284
405 0
108 582
204 575
575 248
466 296
75 214
86 106
131 292
13 385
339 106
291 307
465 492
327 284
239 442
237 302
479 394
302 339
377 507
314 104
155 532
400 582
147 239
89 278
531 454
64 270
313 107
329 178
351 409
214 590
3 451
44 482
598 347
221 127
254 287
231 161
220 384
495 119
375 336
149 306
191 565
328 504
72 409
82 423
218 296
166 574
500 210
456 250
557 430
377 563
117 360
476 89
496 372
208 271
108 110
329 299
75 409
203 148
571 37
323 189
334 489
515 586
452 372
236 161
202 365
477 71
477 353
161 374
477 121
397 586
231 127
37 307
288 241
207 259
278 530
201 364
172 116
350 24
488 338
537 442
103 414
514 333
168 75
107 45
548 504
383 180
383 421
487 72
414 446
331 92
376 284
209 300
401 311
76 41
402 14
484 257
428 398
590 348
225 97
146 173
354 281
105 137
102 344
561 516
190 45
361 319
329 322
19 130
33 96
172 435
110 408
93 290
558 83
391 183
533 537
108 287
218 566
176 73
310 490
341 501
287 102
572 16
424 591
499 210
87 423
45 549
231 490
592 541
326 383
476 259
72 336
298 42
302 226
115 13
116 457
266 403
311 238
172 488
581 423
98 421
246 495
122 229
386 114
170 464
249 46
123 321
382 173
364 437
151 231
202 20
88 468
175 152
458 347
40 191
170 138
12 168
33 135
149 171
249 319
387 251
117 262
572 252
435 88
89 587
320 291
7 160
511 182
312 121
282 352
312 204
490 77
373 276
212 522
199 213
594 587
464 463
249 189
467 85
277 308
424 597
599 183
158 262
365 470
135 399
223 448
4 465
525 377
141 489
51 341
102 397
328 319
13 577
508 480
414 185
189 238
535 540
173 93
555 539
563 90
338 538
290 94
404 567
471 297
456 275
38 311
424 118
30 437
448 290
70 262
227 11
253 162
551 426
7 258
117 323
349 208
261 39
302 417
7 526
115 215
553 153
526 377
24 308
567 472
350 37
486 578
48 491
140 351
70 500
10 187
223 111
147 484
150 450
302 509
128 417
125 81
322 403
210 98
464 177
570 214
566 209
192 366
100 85
118 170
585 480
110 208
591 257
444 493
459 146
155 587
315 280
420 390
435 31
488 299
560 211
514 527
420 458
45 272
295 163
443 280
395 305
240 138
562 85
32 174
583 187
161 51
219 582
193 406
365 433
106 325
396 372
252 568
230 298
241 526
213 436
558 361
141 199
499 455
36 283
29 371
222 191
422 193
525 367
0 290
201 458
15 597
230 20
318 460
70 559
138 35
395 97
148 536
48 48
391 84
83 421
455 58
364 30
251 41
397 3
83 350
461 450
100 443
470 418
304 292
377 194
80 524
291 228
460 339
28 3
423 464
176 31
522 292
61 525
85 210
529 168
561 142
19 413
586 241
231 290
534 360
236 366
284 528
594 496
267 375
251 443
239 180
226 161
224 39
86 310
249 367
478 562
510 497
375 496
139 358
538 425
470 174
191 154
102 537
402 122
312 406
317 303
586 543
464 562
582 303
272 583
70 151
546 580
48 73
228 539
184 166
364 54
341 307
561 195
597 363
69 309
521 386
13 259
81 229
222 415
284 494
151 355
45 97
87 446
522 316
137 106
482 502
161 575
561 122
171 558
237 592
20 511
131 385
170 564
14 392
380 299
39 531
406 436
380 493
282 302
561 420
161 444
74 322
171 387
196 94
346 185
87 366
96 218
503 267
182 269
411 314
320 450
597 126
39 129
372 321
184 333
493 345
529 319
419 101
107 15
547 453
552 34
571 49
4 474
68 539
143 479
5 464
82 3
342 121
484 114
194 68
200 88
413 129
407 232
582 514
599 530
119 552
316 442
353 73
68 421
364 564
52 369
428 134
124 522
7 9
389 202
77 589
42 243
470 201
227 205
468 579
487 339
283 555
182 36
28 250
457 392
214 509
514 394
396 390
69 403
399 458
357 229
199 151
472 69
353 451
274 573
430 161
312 113
117 494
149 497
497 358
42 463
20 308
258 416
98 327
571 498
537 81
479 136
232 351
205 337
554 232
310 385
145 375
498 14
269 400
512 518
158 306
382 530
14 392
346 112
471 70
362 408
151 241
544 135
344 501
473 299
485 535
436 31
310 86
45 332
238 309
250 149
367 384
79 381
176 426
246 47
248 360
455 399
354 151
286 450
405 511
501 290
447 337
73 509
424 471
241 414
180 244
563 300
28 43
433 205
221 79
252 469
192 460
20 546
363 306
396 168
218 298
211 417
387 284
326 563
155 568
378 88
212 341
388 592
384 573
197 5
405 202
474 597
414 246
543 177
553 91
98 523
141 309
92 529
345 418
492 501
138 22
341 102
364 481
95 148
454 44
506 259
246 132
256 60
379 551
590 84
395 88
359 536
149 451
217 246
21 462
499 512
484 240
14 248
473 461
149 328
506 55
339 152
539 348
565 318
51 555
154 446
395 513
135 544
116 352
542 138
214 442
50 451
82 416
99 556
278 0
36 184
407 375
88 347
123 405
417 175
360 572
373 155
485 508
451 2
13 146
492 227
588 542
430 70
358 530
378 388
282 414
572 90
542 413
437 65
218 254
592 331
578 366
238 464
274 442
218 39
588 110
19 576
404 449
398 162
379 529
551 414
343 275
504 37
440 341
455 411
347 447
142 326
213 132
542 240
574 512
279 314
374 298
290 178
148 441
92 279
370 395
93 465
423 349
503 263
442 358
426 190
557 320
268 171
453 562
163 179
226 194
246 0
245 288
530 145
129 22
176 499
170 22
117 593
371 20
8 214
130 435
156 87
155 176
10 360
138 525
292 364
120 538
116 117
226 46
262 108
420 438
7 590
460 476
583 232
248 592
198 378
179 354
218 86
530 580
199 420
506 491
536 378
181 52
247 407
450 509
515 270
99 275
261 312
151 596
296 152
588 494
530 519
0 500
6 530
233 205
102 139
448 38
269 29
442 268
188 44
177 456
314 28
483 327
340 34
324 36
538 64
282 469
584 282
121 342
564 354
299 66
245 147
456 266
528 50
534 116
94 463
324 161
492 207
488 584
594 564
373 532
29 55
153 365
90 275
459 54
381 158
473 27
57 81
293 585
132 580
453 578
443 178
491 335
385 380
320 379
96 445
312 477
500 217
242 342
492 101
397 26
11 22
53 68
103 98
53 587
78 259
318 274
437 209
9 574
341 81
106 438
526 170
315 179
387 310
521 280
163 70
306 175
444 111
243 548
561 49
287 392
308 5
66 497
567 75
471 308
509 577
498 187
147 214
118 287
524 40
319 87
462 377
14 307
488 10
7 201
411 46
593 471
404 59
368 371
135 591
79 396
321 578
583 220
544 102
507 220
494 226
59 108
3 74
167 243
436 174
445 247
573 438
118 377
498 486
148 385
229 579
181 550
309 516
171 5
370 430
225 16
57 285
125 60
111 292
56 547
219 501
194 192
339 64
569 237
550 469
22 531
200 555
482 510
472 405
515 242
235 141
259 44
178 136
457 41
180 513
588 151
414 534
95 505
598 416
495 300
285 269
231 486
225 465
148 449
22 415
443 10
308 454
54 486
590 511
527 523
176 267
74 342
201 522
248 551
338 143
251 376
164 235
14 389
100 162
238 475
329 82
485 38
536 539
524 279
203 204
554 379
471 380
474 425
302 122
376 393
17 380
169 181
15 535
323 467
449 313
342 178
147 579
216 436
271 141
115 474
97 69
5 320
201 479
145 504
353 274
297 122
406 218
304 173
153 379
392 2
92 487
180 240
466 397
428 137
290 543
363 139
364 121
459 565
352 357
221 106
383 518
580 189
488 284
114 41
415 506
43 508
393 576
500 260
125 328
149 415
23 513
306 139
386 165
456 138
274 78
596 57
348 577
598 237
13 464
30 429
371 426
89 164
402 589
176 527
69 78
94 444
343 400
583 129
317 191
267 344
21 264
153 370
241 152
359 254
16 141
435 139
567 524
56 369
265 232
48 86
310 494
530 53
46 265
534 364
457 202
460 478
218 13
0 211
165 111
217 534
253 53
425 220
577 481
342 595
114 390
81 176
37 364
582 83
29 516
199 486
470 59
117 88
73 117
51 590
229 269
276 234
322 102
454 51
583 548
46 449
91 480
378 128
244 360
211 273
28 411
512 251
470 381
91 543
498 143
286 479
412 562
465 486
64 72
289 48
20 88
249 111
568 27
239 564
139 451
589 520
14 253
171 484
34 14
180 285
157 466
516 321
428 382
559 493
454 249
293 474
337 542
338 57
322 577
21 461
180 362
381 194
16 304
431 50
319 11
87 228
477 4
550 305
386 509
550 592
510 595
218 247
290 556
56 12
286 429
225 466
192 359
413 208
63 244
10 134
255 98
363 484
454 65
541 240
326 492
584 237
239 202
236 529
511 293
541 197
474 519
415 66
278 228
26 93
472 389
228 479
487 591
363 341
408 305
333 134
549 69
371 188
271 8
118 182
53 411
131 527
330 547
346 360
527 372
454 152
161 82
31 400
425 147
493 233
452 578
367 153
47 491
341 319
251 211
253 56
375 137
583 457
436 81
218 363
454 72
515 367
154 299
168 331
446 413
564 298
392 83
451 439
326 544
510 577
156 516
385 283
53 369
140 489
202 358
252 56
430 520
176 336
219 96
67 417
509 383
467 53
219 70
493 545
14 155
275 522
71 60
205 476
181 346
365 384
456 370
192 287
42 368
375 13
464 443
430 126
578 297
179 197
367 424
143 133
580 170
408 403
230 13
280 412
111 45
548 320
167 140
7 209
261 382
222 125
577 404
3 556
101 183
153 220
359 48
106 91
218 514
495 449
279 175
13 143
572 313
463 492
453 470
453 114
4 428
592 334
232 595
290 86
530 195
306 42
244 164
133 214
78 28
415 358
555 180
501 280
493 364
172 347
586 25
213 342
453 205
76 438
201 118
524 483
314 582
525 310
147 59
524 225
439 340
335 147
272 588
427 166
352 351
513 90
128 126
185 334
84 261
172 37
132 96
520 446
430 198
508 577
9 432
555 448
524 290
347 197
279 174
115 383
277 28
226 406
506 411
140 590
424 64
27 556
160 548
154 342
498 62
320 507
247 275
107 523
317 455
472 596
381 587
132 59
15 358
465 274
169 357
264 593
421 292
302 333
592 456
75 242
519 147
149 166
174 256
89 492
463 562
240 245
549 124
304 317
482 521
591 403
278 7
149 451
299 451
536 43
307 11
285 226
511 186
144 85
195 586
329 58
548 570
303 249
94 359
318 329
280 61
132 310
69 33
513 120
484 449
164 192
213 201
170 124
388 67
209 335
53 539
393 353
261 449
2 107
208 73
188 241
134 73
303 203
106 217
324 591
66 240
535 279
193 457
155 333
524 365
68 577
56 462
330 69
311 85
528 271
158 469
512 292
542 568
248 48
185 572
391 3
564 326
35 157
536 190
491 460
307 559
438 115
173 168
536 236
253 465
508 163
334 172
456 28
492 456
76 77
180 220
433 144
298 468
53 234
410 544
95 118
256 533
233 181
453 170
418 459
387 78
22 473
2 230
501 247
86 329
324 266
549 509
162 248
377 216
482 188
512 577
58 520
262 291
102 116
213 272
575 352
102 349
225 456
580 478
103 418
208 180
437 157
89 599
157 219
215 40
407 480
369 217
400 32
260 254
500 474
278 227
578 132
576 204
589 308
434 444
479 42
24 316
552 466
315 109
85 283
149 244
163 271
461 315
55 121
322 555
347 352
534 326
485 510
282 226
571 116
70 450
159 447
166 111
313 233
220 398
516 122
394 431
145 255
499 200
376 221
155 476
573 89
202 210
351 484
436 74
0 507
276 511
354 194
22 419
428 595
569 96
469 363
528 366
18 179
566 146
400 473
22 125
562 576
336 65
460 524
492 213
431 168
124 537
363 499
356 543
246 325
39 467
440 319
233 210
498 551
357 50
424 131
528 386
460 16
203 72
540 95
285 372
16 162
61 379
413 418
74 411
495 113
30 336
433 15
546 83
566 55
134 390
539 414
528 399
430 131
471 370
579 509
494 595
423 556
126 588
126 200
399 373
313 181
109 498
196 408
334 162
215 220
552 506
34 480
57 464
363 281
234 342
190 481
89 365
437 215
353 563
415 504
336 129
85 198
379 33
358 113
547 325
333 499
232 367
131 289
583 246
570 570
341 512
451 430
277 288
46 382
3 461
286 91
342 123
289 474
508 399
587 455
125 73
354 109
440 237
150 176
236 121
146 577
385 597
407 415
37 205
197 392
67 236
483 161
111 525
35 20
324 23
475 201
96 582
62 288
219 213
216 207
86 362
184 471
111 344
286 500
549 236
292 368
472 176
530 583
453 565
3 529
340 479
483 188
461 545
229 432
158 445
40 244
560 576
468 71
320 154
572 22
142 16
390 14
544 72
350 397
38 105
327 130
584 562
71 197
507 300
30 66
497 422
62 457
150 530
529 223
437 253
245 579
269 387
346 566
460 448
363 250
553 442
380 538
404 203
487 64
503 269
130 401
91 544
258 594
475 539
217 64
544 214
395 566
1 141
532 213
589 47
463 543
242 596
233 398
199 120
462 455
390 344
8 233
289 18
227 164
558 196
228 254
410 23
220 164
517 504
377 258
304 593
553 546
341 186
96 292
59 559
147 449
303 155
434 592
174 414
508 484
10 488
490 173
264 463
337 181
119 466
191 423
459 145
121 552
331 218
597 142
177 144
343 232
52 178
225 578
592 133
214 354
374 456
527 38
319 264
219 439
483 410
262 94
307 136
47 391
354 44
533 283
540 277
515 344
207 492
74 551
378 288
305 152
145 585
190 216
249 161
55 484
323 70
579 31
206 26
422 312
422 107
595 362
384 262
459 343
155 533
294 285
222 352
437 119
337 379
335 338
540 391
223 15
213 202
46 171
228 220
483 402
328 230
164 464
492 23
208 399
557 502
84 531
254 273
50 343
404 137
82 96
280 305
112 493
507 510
64 487
483 299
289 211
529 205
427 422
229 35
573 538
290 410
221 296
435 23
40 240
160 122
336 193
427 200
86 334
463 503
221 346
202 262
309 132
467 136
306 448
172 279
138 214
89 359
510 525
134 550
165 295
72 253
488 499
206 326
585 421
229 558
167 184
220 476
316 88
364 22
536 288
301 75
502 143
186 413
68 321
363 585
368 436
238 256
87 196
334 73
17 316
383 536
500 4
164 216
92 529
590 380
217 43
207 120
186 394
285 254
115 48
239 483
236 230
491 76
178 577
501 196
293 284
484 193
288 49
161 132
578 503
513 547
547 120
419 485
266 104
140 133
505 131
368 493
113 11
569 292
589 470
240 34
155 124
580 195
525 493
328 255
397 593
203 96
465 22
581 132
479 473
17 136
357 386
29 470
397 599
514 138
221 506
173 128
383 153
324 308
46 52
564 195
397 519
291 262
293 273
146 524
498 164
60 255
550 90
478 99
441 144
238 414
51 411
543 186
316 267
246 114
71 562
310 468
481 1
130 527
26 277
451 277
441 512
532 143
354 162
242 547
307 232
361 110
395 56
296 111
323 294
578 146
257 288
14 490
41 497
417 420
526 21
97 119
533 29
262 39
192 256
586 251
489 99
361 36
156 409
500 231
103 478
378 112
518 144
355 559
393 524
379 319
545 476
438 230
258 452
269 202
461 7
453 350
107 566
138 15
375 38
246 230
516 376
95 186
273 450
146 66
126 277
138 72
154 328
302 164
181 324
118 42
331 571
144 190
537 282
205 64
73 204
46 341
332 141
528 357
343 74
176 470
103 314
294 9
42 348
173 575
72 291
17 156
14 513
346 303
548 304
367 21
260 414
114 592
307 42
102 51
468 278
273 572
592 319
581 386
419 507
362 244
198 131
400 565
45 498
268 345
554 36
366 214
202 480
559 261
275 61
64 143
91 337
467 83
408 201
221 228
108 583
472 58
467 24
23 264
522 292
9 229
80 375
443 282
7 154
295 34
567 360
178 58
449 397
493 258
598 115
486 106
450 110
165 317
134 188
581 408
232 342
37 312
117 233
346 477
387 42
511 355
402 441
413 251
239 59
261 589
174 499
448 376
9 365
446 495
553 179
304 538
522 93
250 391
326 597
268 466
391 532
221 193
373 386
196 364
197 458
106 371
357 554
500 119
319 346
14 24
277 70
562 199
164 565
591 490
314 11
108 105
295 329
50 69
468 246
185 65
456 43
189 214
597 441
333 68
187 347
445 216
170 407
416 334
372 159
576 86
522 85
543 218
166 593
39 386
240 576
452 96
20 393
62 17
234 147
438 173
247 283
389 417
442 557
151 215
468 479
53 143
564 349
361 483
342 400
269 334
128 473
183 148
266 245
518 252
393 356
177 40
39 567
209 481
276 360
448 497
239 254
40 556
3 401
439 97
553 460
432 81
334 15
582 352
260 500
5 405
256 182
197 47
501 406
280 530
518 481
427 510
487 467
466 490
20 57
587 325
517 171
406 251
186 388
356 199
40 361
4 296
295 554
95 549
360 128
479 31
9 58
541 496
277 159
138 49
568 477
374 485
49 532
489 587
73 245
186 113
358 191
162 405
145 9
354 257
137 585
288 498
395 581
146 424
492 36
473 460
514 247
98 315
180 339
54 253
584 241
118 94
184 280
251 81
290 358
338 179
95 379
78 491
112 224
315 5
261 189
465 527
188 563
594 368
302 48
373 38
289 492
484 225
524 136
306 566
246 397
146 341
528 224
232 40
448 300
45 109
241 263
388 181
578 382
550 33
431 75
71 472
319 308
98 244
196 156
210 442
553 356
183 481
332 168
274 181
220 319
42 213
582 183
394 561
565 96
346 148
172 417
373 491
477 471
487 73
379 450
515 85
558 451
566 291
19 240
224 239
312 18
204 46
201 598
359 167
95 105
67 267
275 440
510 152
63 150
578 443
0 245
528 310
96 246
1 467
239 577
106 303
596 62
349 549
61 461
468 156
566 536
175 241
376 85
146 440
235 124
283 587
369 563
298 218
209 51
85 200
381 192
503 129
6 5
78 67
466 547
223 432
483 398
426 11
236 572
451 223
448 486
211 569
201 261
187 163
64 273
363 445
217 267
574 223
272 405
291 138
352 514
322 587
65 148
598 301
472 202
524 72
88 487
42 290
500 229
205 565
502 568
162 119
587 137
95 11
294 386
501 46
52 224
385 469
124 383
170 349
337 447
421 178
86 463
468 587
445 425
552 347
393 114
219 133
3 314
144 297
452 46
95 504
22 232
126 498
368 296
247 105
495 421
283 582
284 503
321 129
328 25
229 122
139 200
255 495
266 151
544 118
549 392
374 323
24 500
222 392
549 221
498 196
42 181
530 79
437 251
560 165
276 541
287 168
141 294
415 407
446 359
277 147
503 52
471 528
304 93
72 253
66 322
202 109
256 132
540 93
136 500
258 412
442 298
332 335
344 147
495 542
259 172
90 162
576 561
442 281
54 267
286 120
589 488
581 245
21 521
90 509
174 349
321 368
399 406
103 143
553 350
86 564
523 176
127 499
137 321
532 543
340 219
415 330
107 397
327 480
70 170
389 596
271 463
364 70
269 220
213 574
322 51
539 245
227 418
497 116
491 429
411 232
48 227
314 508
376 393
140 198
563 282
195 234
497 311
304 166
283 270
492 6
73 431
251 53
1 500
169 493
330 581
125 130
560 439
38 336
232 531
534 548
213 129
182 110
193 239
28 476
261 520
482 334
104 486
387 105
386 309
598 468
42 475
599 2
314 37
90 299
320 24
599 533
506 533
395 451
172 423
327 185
96 562
272 200
200 411
57 338
472 56
207 514
531 206
268 598
595 110
49 316
135 48
1 393
581 397
244 506
572 323
443 68
285 115
20 237
527 78
576 399
486 183
66 169
141 334
167 488
445 568
204 332
368 558
477 350
355 473
8 327
196 451
396 234
567 168
223 246
246 199
45 132
134 463
302 275
550 221
164 395
542 120
479 310
78 108
412 433
581 420
513 529
24 61
515 343
229 139
589 228
338 386
112 225
250 166
500 200
140 416
347 82
289 578
392 367
86 205
553 419
377 218
348 401
279 264
144 260
155 133
488 245
272 1
470 522
519 371
474 59
539 221
141 228
551 286
348 37
491 301
456 268
519 556
422 550
572 566
210 127
452 451
373 124
204 243
398 123
366 24
535 58
597 76
286 548
362 34
585 5
87 193
26 358
149 200
60 474
166 23
1 370
474 126
246 430
370 396
305 488
420 240
546 417
69 585
365 431
371 102
189 211
47 567
569 549
167 30
423 85
405 424
456 279
551 454
109 73
251 414
561 71
407 260
241 476
245 6
59 368
461 248
579 508
215 549
457 134
331 280
220 136
457 428
167 160
282 28
233 533
194 546
357 1
558 598
477 203
356 537
572 217
537 303
126 505
252 583
39 335
16 259
223 473
87 390
33 122
170 18
55 365
564 164
366 523
514 596
478 271
533 202
488 470
506 366
127 510
102 167
598 118
178 221
343 18
364 376
140 534
394 547
299 110
112 418
385 26
414 16
49 347
218 538
569 476
56 449
139 158
16 137
276 194
110 19
564 474
147 104
161 293
52 460
404 516
278 541
294 444
557 344
543 176
34 513
404 90
114 543
249 130
432 277
76 543
49 41
417 196
497 578
490 549
191 46
465 221
587 512
66 297
256 9
225 290
274 29
132 388
325 381
270 157
411 99
100 460
492 270
408 389
0 50
339 191
448 556
165 188
468 231
485 476
592 110
166 19
491 299
159 216
432 430
126 595
281 226
207 173
248 368
562 249
418 53
440 19
10 357
559 230
340 444
107 333
306 25
104 549
76 263
166 509
