400 3200
6 100
150 43
289 338
111 102
101 305
218 385
276 140
164 287
183 82
234 342
60 290
201 181
130 120
200 291
43 256
243 2
308 393
45 198
284 157
252 337
14 22
323 243
162 39
130 298
121 316
192 181
206 393
363 337
114 115
180 109
372 23
111 232
17 157
30 253
266 235
190 232
257 113
75 372
153 205
270 226
73 62
8 280
8 323
217 74
390 397
183 362
373 295
195 390
4 177
243 222
364 385
54 222
51 82
194 156
239 16
382 313
30 342
193 38
217 362
64 208
311 248
122 284
95 269
226 99
399 21
321 363
7 327
185 58
361 331
214 201
299 148
114 330
91 259
320 260
221 385
68 84
233 143
369 328
12 195
379 363
217 252
327 176
179 64
234 141
348 0
294 247
100 360
129 191
219 50
4 392
387 24
28 172
167 397
52 132
145 31
95 362
283 374
138 14
391 324
107 291
276 353
138 376
313 220
120 84
270 124
28 257
148 57
381 316
6 33
0 151
16 95
113 251
22 203
265 365
79 325
256 355
230 346
332 144
166 4
180 388
128 161
197 276
218 178
144 224
211 96
376 227
144 41
78 166
197 296
83 276
173 339
184 3
237 68
99 4
72 280
392 200
393 190
28 211
368 125
387 132
221 315
359 365
357 390
83 106
286 166
382 59
57 118
14 295
186 114
299 258
346 291
10 339
33 39
150 354
116 89
86 337
5 45
255 314
35 338
20 273
57 354
332 114
73 347
9 259
13 260
70 359
104 80
298 137
71 0
91 139
89 177
77 46
175 284
360 162
174 380
36 231
335 320
346 360
219 307
171 232
168 241
143 272
274 393
361 297
345 53
37 35
182 66
33 309
350 394
72 124
326 60
356 261
380 254
173 152
161 345
336 329
138 80
153 12
25 115
310 371
120 299
358 302
365 391
212 315
385 236
39 312
296 347
125 228
201 299
380 315
196 269
196 334
349 350
299 374
65 161
297 185
60 255
39 25
247 203
292 184
39 283
48 335
231 174
164 384
25 96
299 173
365 48
107 266
398 6
193 15
167 90
152 179
298 143
204 145
347 96
329 386
380 378
274 163
104 38
99 81
86 399
254 4
47 313
222 397
320 15
364 39
58 116
219 356
259 375
53 158
24 382
145 356
312 19
119 368
9 218
49 47
169 255
51 168
169 274
165 41
241 129
80 251
197 251
159 9
227 212
167 203
147 264
159 59
283 278
380 292
48 381
340 218
237 343
386 358
169 104
399 11
185 31
214 335
283 374
296 62
186 63
265 333
328 24
345 163
254 325
8 302
258 300
72 95
243 11
53 13
67 4
376 252
36 190
139 319
116 35
333 303
51 150
236 379
174 133
142 380
10 150
234 269
50 307
316 246
270 322
211 337
326 187
141 362
329 281
233 46
268 166
301 319
316 89
298 42
223 393
22 185
95 209
54 98
68 323
344 338
245 155
275 171
294 16
134 175
249 367
173 118
86 74
37 2
164 288
397 339
281 371
124 328
180 179
26 248
102 322
186 299
29 13
70 323
382 156
51 231
76 224
301 162
251 339
116 15
179 65
354 12
37 78
340 217
209 367
18 263
241 204
162 271
170 185
146 152
341 197
335 369
374 237
83 225
128 152
192 307
217 146
319 254
176 259
24 338
178 42
201 372
198 316
243 368
101 389
120 394
139 8
316 65
245 399
290 373
151 82
232 321
180 103
175 308
362 199
198 93
241 352
17 392
268 260
360 321
201 33
267 292
41 183
357 286
183 199
211 286
233 395
207 365
98 335
226 12
86 24
105 280
376 74
272 196
334 232
117 88
265 385
380 306
168 290
144 303
89 307
190 275
302 349
240 0
284 66
13 371
91 70
251 67
145 123
216 31
307 333
119 173
270 52
31 39
342 128
294 383
35 36
258 290
386 99
290 222
165 255
145 208
278 396
228 375
71 44
358 331
329 30
104 200
82 87
191 376
215 85
359 203
122 170
93 108
269 335
282 386
143 28
147 373
376 375
300 48
19 258
379 348
288 35
100 322
74 291
250 242
377 210
45 99
380 138
159 201
25 41
139 168
21 286
93 398
261 393
398 232
252 329
133 92
364 233
367 390
77 217
232 54
379 229
105 311
319 216
112 345
209 204
65 231
90 159
229 304
152 227
88 356
156 173
49 72
359 368
14 36
185 247
90 165
76 195
28 396
11 93
293 172
297 358
3 339
117 232
243 222
11 284
178 119
57 179
143 16
147 158
52 285
357 94
2 385
289 30
333 252
123 226
25 20
185 380
360 254
165 155
76 176
39 207
248 97
386 391
65 134
149 118
19 58
212 21
44 54
3 377
258 127
156 235
99 341
216 11
147 381
167 176
109 158
383 357
255 369
349 273
55 50
391 26
109 155
399 105
161 3
34 20
82 190
207 181
83 23
193 231
356 312
7 66
70 342
23 278
263 324
151 271
375 94
297 36
201 249
93 363
252 127
335 286
318 142
67 1
118 212
184 74
76 143
140 147
85 164
377 301
88 128
172 15
174 69
3 375
318 96
290 122
224 177
8 94
320 28
95 38
192 232
64 269
375 205
16 13
321 345
314 361
73 86
377 199
107 380
126 378
29 369
52 253
146 61
299 66
41 346
56 233
178 73
102 106
278 70
119 151
15 385
112 40
23 41
191 130
374 318
60 3
287 113
208 385
126 107
52 167
53 60
352 184
133 7
290 363
29 9
66 397
346 179
389 369
172 181
51 146
51 112
101 338
177 261
323 303
368 327
22 374
340 326
158 25
333 48
341 315
9 7
312 355
138 301
324 311
82 375
9 85
39 63
23 168
324 299
71 245
178 45
219 70
372 329
48 257
377 341
172 386
348 84
341 39
338 217
302 372
144 263
58 136
326 33
304 251
284 328
48 15
373 267
37 297
196 85
107 125
378 279
111 279
316 4
318 206
173 220
178 269
83 188
5 362
222 310
165 106
190 213
121 115
80 111
13 228
196 72
353 175
303 16
54 171
372 324
377 97
96 108
366 179
296 372
93 118
234 258
177 24
71 250
139 103
361 104
331 110
176 236
237 32
252 291
203 176
167 181
273 263
241 240
394 137
164 88
208 398
346 337
374 370
187 65
73 101
170 5
211 298
193 0
282 398
243 86
174 10
219 0
273 60
240 267
149 356
307 309
306 206
246 280
176 386
345 249
39 67
206 202
318 0
202 200
398 45
238 124
55 9
124 280
69 316
147 171
272 7
32 178
213 279
10 341
217 356
190 256
375 349
58 245
349 260
398 299
305 236
23 312
246 148
192 267
16 291
390 289
298 23
19 63
254 30
4 23
338 195
279 265
96 289
111 45
101 109
344 358
297 319
270 95
19 62
315 36
353 257
325 204
280 344
219 86
326 224
109 264
371 340
130 67
229 193
64 330
254 360
240 151
279 110
199 299
124 114
335 30
371 212
234 204
108 5
290 35
229 352
251 152
292 333
219 122
126 283
4 332
243 245
84 75
307 235
374 32
301 261
14 224
25 248
28 133
205 271
120 35
223 324
187 67
257 359
141 336
242 146
268 38
343 304
113 202
91 39
234 392
300 248
217 277
48 197
10 254
20 83
241 195
359 380
263 216
339 4
104 134
102 325
172 397
181 237
200 273
276 34
265 128
235 34
5 235
184 367
41 204
2 282
352 361
263 215
130 202
171 186
288 226
111 60
223 293
249 23
118 125
10 383
205 245
370 162
80 154
82 74
310 84
356 262
398 171
29 128
326 201
314 214
27 378
227 250
223 76
274 341
154 284
324 359
81 246
74 113
0 156
187 311
192 96
173 190
267 203
270 193
356 137
360 335
115 187
185 338
263 11
231 17
247 155
329 280
354 3
394 354
111 133
265 303
229 391
46 49
146 268
194 102
5 154
37 120
341 174
10 157
138 241
174 337
349 103
218 303
58 164
209 169
249 27
25 31
18 71
80 116
339 226
218 297
333 207
369 226
333 332
383 23
173 110
361 74
213 131
329 224
295 139
393 96
118 18
127 136
41 159
252 333
386 22
230 319
181 151
145 114
83 81
138 209
191 51
283 356
182 165
180 29
256 174
125 374
144 205
62 138
364 314
71 302
288 253
173 69
4 271
135 40
352 225
249 143
276 84
99 10
249 280
39 105
6 117
31 102
322 93
240 238
359 311
93 247
116 266
268 73
137 356
113 89
133 314
184 362
398 236
372 200
68 364
257 74
33 289
176 307
382 17
145 294
280 238
141 349
57 362
374 146
270 39
188 3
353 372
365 351
208 290
103 276
206 361
302 239
250 31
146 184
0 243
78 232
34 172
181 91
86 107
237 356
146 25
311 99
350 229
3 158
71 106
387 277
19 241
116 221
272 262
6 224
105 36
57 139
208 238
182 246
346 372
202 44
397 66
144 347
295 99
58 366
157 397
195 177
190 311
398 63
125 4
287 230
393 296
322 153
87 56
0 385
28 154
29 26
220 173
325 67
224 335
385 382
332 180
159 123
91 157
138 216
114 377
399 107
274 273
260 361
329 212
346 358
367 375
336 139
101 261
207 325
197 144
307 81
277 18
156 368
176 294
137 242
224 88
301 98
313 113
11 242
326 309
152 245
284 88
384 337
302 143
215 51
288 122
132 165
93 241
85 221
87 174
63 311
214 316
361 127
29 372
370 307
281 122
152 118
163 137
7 65
280 222
116 120
297 200
237 390
41 275
211 129
1 274
392 216
142 354
343 171
278 265
79 112
340 231
230 55
320 237
120 153
60 188
273 357
340 63
299 382
338 110
63 291
336 55
107 78
361 3
249 240
220 280
352 112
64 134
167 384
371 239
137 383
27 363
292 368
378 191
302 268
301 317
159 189
372 267
267 286
222 69
126 394
301 78
107 365
164 274
302 87
114 391
71 93
354 315
13 332
59 267
200 312
184 312
102 109
131 321
395 353
390 73
347 244
151 6
209 267
281 111
354 347
103 25
392 9
293 6
294 352
273 46
264 10
358 318
119 89
240 114
394 230
187 294
74 290
252 236
109 85
299 63
32 354
41 377
316 334
335 210
238 160
208 102
170 167
21 289
208 261
355 155
43 94
1 70
336 253
258 45
339 157
109 323
64 150
252 380
36 187
142 274
348 350
328 118
69 301
360 278
162 267
385 158
362 338
180 250
191 38
296 82
147 357
358 163
59 210
143 95
398 237
321 298
188 249
16 257
151 328
87 265
196 72
375 110
362 155
360 154
145 208
188 245
165 146
8 224
309 104
271 307
341 192
157 81
394 125
339 97
54 26
314 202
51 290
312 13
397 272
119 143
33 308
340 198
6 300
375 315
4 246
174 298
391 331
379 337
57 270
34 111
249 348
265 300
190 177
265 188
1 337
283 34
245 223
185 203
123 160
119 80
358 293
330 301
177 261
238 234
132 224
297 333
125 162
185 315
291 50
103 292
387 338
279 184
161 64
388 237
224 59
317 134
304 199
36 81
60 274
267 144
99 116
77 176
230 262
91 121
265 147
366 204
85 245
389 199
261 329
36 37
388 305
171 244
104 207
326 116
82 145
213 133
262 242
309 92
57 352
214 274
99 132
78 137
329 19
336 190
348 324
179 288
229 350
85 285
158 363
353 192
108 118
277 370
361 138
15 370
90 181
244 142
313 274
231 194
294 119
336 194
43 115
83 272
65 120
109 175
83 14
319 191
133 196
114 46
334 129
16 377
262 212
71 175
86 302
369 332
21 305
127 64
372 162
288 37
282 349
165 365
363 84
108 48
281 222
94 167
303 62
96 165
226 167
292 313
69 213
245 90
70 324
106 42
86 394
80 368
295 197
285 259
281 394
307 114
168 354
234 72
16 330
189 243
98 82
108 167
295 305
210 366
230 268
8 268
263 40
189 110
237 74
369 71
20 229
137 141
183 371
213 199
302 354
394 352
388 54
71 284
360 281
202 142
102 162
10 365
155 199
27 344
226 397
367 246
178 105
387 361
76 152
112 330
59 107
282 47
113 354
283 73
187 85
215 289
200 226
206 307
377 234
251 203
183 219
2 361
324 341
322 352
46 386
283 105
45 165
152 159
119 36
232 259
73 0
148 225
226 355
132 155
141 336
359 324
155 361
285 31
254 159
383 300
145 266
5 191
384 110
350 103
98 182
362 171
182 63
349 360
370 81
116 111
17 27
35 124
340 272
155 194
31 91
95 176
309 52
367 293
162 317
397 260
52 311
384 186
326 285
147 296
366 215
7 336
194 394
60 134
266 168
280 249
259 375
26 168
380 345
62 94
215 11
307 267
274 291
53 201
128 152
97 94
319 57
30 113
3 43
199 270
211 80
71 70
7 97
190 387
43 252
82 258
215 389
77 90
232 82
291 360
235 340
6 106
349 37
220 353
32 19
175 243
51 246
265 59
344 55
46 339
260 80
149 75
69 178
117 253
260 8
213 47
301 172
154 250
161 326
203 193
297 330
36 349
177 253
8 73
308 54
364 120
135 113
148 156
243 265
10 103
226 175
151 127
347 257
329 108
183 85
253 80
15 289
29 192
94 389
217 355
44 181
75 131
246 223
239 89
89 201
193 315
377 296
394 276
153 323
337 288
8 190
368 376
32 350
120 126
339 338
81 335
71 109
18 318
284 258
359 325
59 104
192 388
0 186
217 105
62 154
393 22
296 314
398 328
216 71
7 107
9 40
43 32
149 13
350 34
223 310
311 235
14 104
223 367
290 40
24 304
146 18
327 43
284 277
371 100
348 330
207 309
371 202
342 72
216 292
106 39
154 370
274 121
74 50
40 316
42 64
221 189
34 148
184 318
25 107
370 326
38 178
235 9
332 177
81 100
70 140
92 176
110 318
249 136
368 289
52 363
354 273
104 340
373 288
259 351
347 181
277 385
311 112
346 244
290 380
344 312
72 388
88 182
307 338
270 227
179 322
190 133
148 294
74 121
134 285
24 82
66 301
67 378
14 366
174 256
346 70
168 18
59 208
152 366
146 22
193 326
296 336
11 44
230 37
118 317
274 142
399 293
396 18
223 10
384 397
266 282
67 386
300 78
194 4
396 341
26 190
219 275
78 182
271 260
172 389
177 46
84 128
291 80
147 114
42 83
63 308
318 131
246 170
161 40
175 158
333 153
300 152
28 378
287 300
238 59
241 16
57 277
144 349
357 243
15 399
279 79
259 197
162 105
367 323
98 94
33 31
248 333
136 228
311 23
80 150
34 322
118 43
199 214
344 109
10 360
60 289
391 272
38 153
377 357
28 27
52 62
59 300
395 195
80 259
170 161
361 204
83 79
199 234
245 144
295 255
56 356
96 47
228 86
152 157
44 180
185 96
242 196
348 190
391 28
49 161
189 10
317 224
41 68
11 286
212 306
94 220
214 142
267 394
229 19
104 273
152 241
321 346
37 221
136 380
201 137
141 343
147 10
119 140
78 130
27 243
389 73
63 155
215 283
150 44
254 206
269 6
47 142
305 84
315 41
64 117
131 157
12 230
119 131
371 197
214 350
392 155
23 56
262 238
291 12
235 145
170 56
104 217
199 9
301 114
2 317
183 133
26 147
364 145
231 287
295 397
237 287
104 212
295 366
50 186
331 237
284 101
294 388
319 93
397 172
159 399
42 295
85 68
394 1
214 225
288 61
174 77
348 278
289 196
245 291
382 176
129 266
277 23
206 148
68 203
321 179
155 363
26 240
383 21
193 197
198 81
210 373
158 159
251 399
307 48
290 289
176 19
108 54
394 314
154 62
70 75
194 177
390 220
369 374
193 162
123 392
195 334
317 353
45 120
304 352
169 194
193 345
214 301
351 208
168 106
223 190
133 17
367 124
237 336
50 31
98 173
375 293
107 292
198 152
12 102
56 133
248 250
79 14
103 382
223 223
88 398
13 174
367 332
298 204
268 348
187 318
73 114
163 181
6 313
285 371
367 342
104 216
192 135
230 247
118 5
71 158
355 84
332 322
17 182
79 237
82 218
108 156
333 271
289 291
185 126
262 104
20 319
320 164
54 103
12 124
60 83
235 16
119 167
338 88
302 369
326 384
188 34
92 121
257 333
12 394
60 227
99 32
146 371
197 152
26 209
277 87
244 112
55 363
231 345
52 85
315 330
22 103
364 114
224 173
0 188
168 60
367 267
44 65
190 241
218 217
2 47
256 246
111 311
210 294
208 214
380 123
144 2
226 108
68 2
281 68
143 1
80 62
268 125
128 11
366 298
180 369
345 36
215 8
299 377
302 107
191 234
183 335
188 361
395 257
316 229
325 59
230 358
121 51
83 201
14 1
99 194
370 44
182 138
4 81
67 259
140 211
93 275
98 282
237 94
91 153
275 368
164 57
326 237
108 9
39 122
363 138
268 333
135 50
23 139
131 43
350 224
254 44
99 352
278 336
398 321
41 273
289 205
283 216
395 391
177 34
66 140
124 286
26 259
337 1
351 20
44 301
244 250
297 296
155 127
184 153
48 226
379 290
383 262
106 330
205 235
364 223
328 41
110 306
300 47
259 203
19 256
57 216
106 354
112 261
34 248
367 82
26 346
372 10
160 30
292 317
218 257
141 98
250 251
356 102
250 215
306 269
71 363
37 130
269 149
343 255
398 262
338 24
160 262
386 320
245 279
238 15
88 331
113 338
182 21
40 384
236 298
205 260
213 243
390 35
344 285
290 294
148 180
319 308
395 257
181 192
88 19
207 128
350 272
18 84
293 11
20 81
309 177
341 75
372 283
110 317
169 352
211 269
133 82
129 128
292 310
320 380
281 79
61 231
351 79
267 196
90 239
277 352
17 219
27 389
54 89
258 175
41 70
44 126
104 174
254 396
84 126
329 366
157 342
149 60
21 369
256 64
208 86
368 225
257 347
167 311
388 25
87 29
47 83
156 104
257 362
52 294
41 333
212 198
275 361
259 249
282 67
265 91
153 233
268 362
132 387
274 120
365 313
101 12
396 209
68 206
124 121
52 165
54 264
315 330
177 126
131 60
194 396
103 299
181 371
262 313
359 88
385 276
1 38
288 349
248 357
155 372
30 207
89 84
23 4
366 201
131 97
261 325
93 316
176 274
287 38
139 198
126 76
74 79
115 315
29 363
224 136
287 254
296 376
338 319
380 257
120 63
354 333
388 48
249 117
274 89
155 14
239 234
90 266
313 157
181 294
120 357
31 7
211 279
335 101
198 316
358 271
379 265
156 320
313 358
37 139
47 144
105 238
330 148
104 196
305 237
90 26
194 73
385 357
352 321
11 103
189 321
326 120
186 82
40 51
40 29
191 39
126 248
278 56
396 334
252 302
172 295
328 318
320 265
228 273
186 191
328 327
112 254
48 251
336 40
254 329
70 397
320 148
246 198
156 242
85 361
144 209
256 24
79 128
290 307
1 28
98 281
356 163
135 4
14 24
44 220
353 66
218 273
166 64
24 323
306 61
236 51
270 44
27 349
172 317
209 174
298 259
7 254
22 143
210 388
119 254
209 24
273 379
249 391
43 225
314 301
286 150
352 108
194 332
10 319
249 219
93 147
30 52
353 53
147 163
393 266
370 154
290 195
133 92
186 128
317 101
30 204
203 334
312 350
266 274
269 116
45 314
215 76
318 169
81 66
284 74
284 254
181 175
49 314
219 236
43 136
289 73
292 44
7 205
346 226
31 167
342 77
33 109
153 352
230 234
18 115
260 302
321 41
29 323
308 248
159 303
337 0
328 229
396 335
386 343
161 18
110 55
95 144
117 248
48 347
34 66
14 294
320 336
336 302
259 196
102 370
99 39
322 27
269 318
314 207
261 28
225 324
83 320
20 152
120 68
100 154
86 66
1 358
2 289
260 213
85 315
135 184
354 57
163 175
376 77
383 189
105 208
113 141
81 133
293 153
153 345
260 191
12 261
150 366
150 10
132 187
325 267
323 232
277 86
7 253
163 342
394 221
103 108
362 184
193 207
337 299
105 149
90 117
10 240
35 112
203 119
299 80
339 222
312 216
308 272
21 24
166 15
245 269
75 159
5 221
318 343
120 23
44 162
92 55
3 128
167 158
199 19
238 138
193 103
354 54
327 327
78 45
343 275
315 370
386 320
143 304
215 215
328 260
378 20
315 333
100 34
91 252
5 281
390 199
336 297
205 215
224 235
261 119
62 176
42 48
48 185
352 264
1 232
124 379
205 391
312 257
377 355
109 335
188 100
86 125
397 291
292 173
126 153
293 188
281 335
188 330
72 140
194 73
325 270
4 130
213 268
387 190
175 97
125 364
149 211
41 98
54 333
271 180
39 116
320 320
3 108
202 76
201 396
101 78
218 106
208 31
374 147
174 150
196 251
66 345
63 107
43 69
392 267
202 31
383 122
352 339
183 106
367 336
103 68
14 273
174 174
305 101
321 79
203 118
330 221
15 345
328 11
367 320
278 169
304 213
243 208
104 378
314 71
314 17
140 280
243 266
54 148
319 376
179 122
46 61
295 61
7 223
72 374
96 302
95 0
68 338
208 172
317 122
244 183
92 384
64 287
202 118
35 122
46 166
196 92
227 92
106 186
267 178
112 363
33 207
315 101
146 75
225 15
198 69
198 242
5 262
129 208
333 116
330 379
282 78
72 61
170 130
248 38
260 360
353 293
168 269
346 266
344 172
281 94
193 31
288 199
246 369
359 179
85 241
110 319
319 134
381 90
264 181
80 125
141 33
18 309
254 317
127 151
41 360
245 234
392 86
385 190
55 296
369 93
137 79
364 57
166 297
99 30
78 131
155 220
116 126
81 371
43 209
122 84
169 319
270 113
5 208
303 13
104 224
106 194
256 22
203 22
320 302
52 398
385 208
218 101
286 252
24 329
61 98
365 182
18 187
248 375
395 151
388 52
376 46
246 184
21 49
206 341
303 258
339 288
18 110
341 304
362 366
185 375
16 102
157 34
290 5
362 237
109 350
289 37
349 135
221 370
136 27
311 39
237 202
279 208
312 221
64 226
139 250
201 155
352 311
142 194
316 104
32 377
6 273
14 355
361 187
277 97
166 140
137 4
295 368
212 207
141 228
386 280
78 187
388 383
98 130
129 367
186 113
296 192
387 263
100 348
50 329
397 217
70 86
173 365
55 337
124 196
165 62
29 244
250 17
179 300
99 308
219 237
22 116
29 361
331 81
309 381
11 258
198 33
345 371
350 0
308 26
148 74
89 177
270 291
146 1
143 197
309 363
34 283
31 16
244 362
49 105
295 60
364 46
45 309
17 347
261 278
374 9
304 15
187 126
306 285
127 1
83 388
364 117
224 347
85 68
261 135
126 109
147 42
155 193
303 172
92 164
2 66
125 258
81 264
384 339
150 63
341 233
4 257
302 228
157 388
248 370
75 374
79 222
368 234
367 271
359 60
387 361
78 113
172 160
377 108
51 127
172 344
312 176
202 167
356 311
155 204
281 182
179 361
4 147
195 372
371 154
384 358
68 62
71 240
174 49
348 226
128 72
170 393
200 324
160 156
235 267
361 69
49 92
30 5
191 177
329 162
332 313
121 352
376 192
192 150
193 92
328 274
165 51
219 365
327 379
122 163
198 35
184 247
127 214
204 318
391 134
81 275
47 202
179 23
346 323
126 92
16 54
318 133
57 137
98 385
116 172
100 266
207 284
113 334
98 269
205 41
3 286
269 51
40 48
74 386
372 152
30 340
159 348
73 216
85 123
201 153
248 301
19 55
185 84
342 235
354 147
277 309
385 98
360 25
98 387
363 70
139 394
10 298
342 35
115 380
159 268
85 7
170 57
14 355
93 356
143 399
55 372
309 40
70 269
17 168
256 381
191 348
375 153
246 269
189 313
249 300
182 287
307 304
344 273
211 389
182 354
389 237
326 298
230 348
119 247
117 328
228 260
276 155
13 74
25 154
340 226
54 122
113 313
26 57
187 237
47 369
144 388
158 70
238 340
371 357
188 40
237 368
300 65
124 265
140 101
20 80
327 74
154 41
340 132
50 127
321 49
48 65
37 206
88 275
99 59
185 239
99 374
207 351
40 283
216 132
384 236
164 264
263 318
305 203
2 307
282 323
357 330
341 394
88 381
222 187
40 359
26 91
333 186
42 325
21 210
57 358
47 221
222 262
91 79
17 93
386 299
369 343
181 262
290 269
243 64
9 235
375 387
326 260
173 320
186 147
82 243
105 129
17 279
343 108
358 360
154 296
259 75
192 40
337 82
262 132
98 271
367 73
258 245
333 384
117 71
131 199
267 188
281 284
19 224
344 329
137 50
225 396
125 17
389 14
51 203
146 149
74 113
222 284
310 108
220 27
179 351
227 46
91 108
330 110
284 227
39 21
277 217
370 355
186 311
369 238
114 116
387 188
181 162
24 92
270 245
119 1
148 298
48 240
358 330
302 243
157 294
216 387
111 186
342 249
97 311
87 211
27 75
351 209
189 376
253 11
173 372
12 321
223 60
113 181
391 16
376 100
262 193
87 325
331 29
174 381
341 262
192 320
289 96
129 78
24 334
89 197
259 53
118 82
114 184
263 57
200 192
157 14
385 245
339 268
274 113
249 167
327 42
88 216
90 169
246 114
104 287
263 363
341 333
45 55
117 260
64 269
52 221
283 389
66 222
258 293
288 107
60 215
101 148
32 191
318 230
257 22
70 120
337 11
6 382
18 123
242 82
393 247
303 276
236 322
51 94
215 339
202 227
154 303
376 138
47 246
321 304
268 391
377 157
354 383
139 372
58 333
6 51
180 261
280 369
183 283
63 350
222 217
130 328
73 106
19 120
352 340
376 172
283 305
329 237
240 20
161 299
305 167
302 38
28 134
7 164
17 22
66 191
240 196
72 313
254 91
385 206
383 361
330 218
219 211
55 59
231 216
358 137
335 261
175 315
347 134
31 365
156 98
108 396
246 180
261 101
223 246
259 206
160 142
24 379
353 31
38 137
199 349
226 134
162 353
50 109
87 81
26 195
131 135
144 378
315 5
79 91
204 290
297 316
32 274
247 386
305 237
75 57
186 301
191 300
206 193
10 293
227 388
88 358
75 232
288 391
190 319
82 346
210 331
262 194
157 61
132 15
298 207
72 37
60 215
337 266
9 299
111 188
288 152
98 363
336 387
306 78
258 340
24 20
224 238
215 381
299 347
396 198
107 20
235 167
236 172
386 197
24 49
385 312
201 83
227 138
22 134
216 281
26 193
301 250
31 68
184 283
16 132
81 75
153 268
242 341
392 180
138 16
230 75
280 31
110 108
121 133
194 290
366 220
35 219
23 66
288 207
349 256
291 382
331 44
202 125
385 195
306 75
211 88
102 92
71 213
152 145
298 346
35 264
118 22
35 141
88 275
300 390
131 192
324 62
188 127
140 126
322 398
153 85
86 256
129 157
69 281
302 367
179 289
183 250
311 170
343 352
46 244
294 177
388 218
192 176
297 284
302 171
282 56
257 368
312 338
77 333
172 380
252 351
221 387
153 133
157 97
37 203
341 331
333 329
101 125
57 399
9 312
170 243
368 379
211 232
318 288
117 90
220 369
393 42
356 147
127 113
244 164
269 137
95 202
18 196
279 75
147 240
387 318
83 307
297 294
91 167
134 208
257 307
129 203
349 85
350 28
151 146
192 372
283 239
174 301
387 5
328 135
245 316
53 328
175 302
174 267
22 260
75 279
167 205
34 68
242 336
96 345
82 240
317 317
79 91
170 67
96 99
154 293
367 159
221 142
61 347
361 83
208 389
315 327
146 301
396 388
238 44
286 272
237 203
190 316
247 312
335 295
363 89
189 330
248 362
25 262
262 386
297 22
327 164
349 73
66 297
14 256
294 300
128 131
103 270
399 302
183 335
198 146
24 339
29 225
253 54
87 115
392 336
137 320
101 39
345 119
288 359
375 182
259 103
265 315
374 265
169 157
200 319
255 176
258 284
1 64
290 40
179 235
377 269
155 30
260 52
149 148
12 124
283 223
227 148
90 153
13 260
262 213
179 118
342 390
354 295
54 245
336 185
80 265
54 187
295 314
239 396
15 203
120 298
27 299
46 117
53 12
329 267
177 109
385 119
99 292
15 105
137 303
290 169
120 297
308 367
211 147
363 178
303 35
76 330
334 75
399 339
87 329
207 264
390 144
336 41
36 351
146 173
206 36
294 326
333 202
245 97
302 208
275 205
243 304
87 129
379 86
69 18
367 276
282 357
372 218
398 9
121 144
134 279
133 29
157 66
231 2
163 85
162 391
290 357
295 377
87 226
16 108
244 383
336 78
341 308
249 291
317 370
388 52
202 121
33 359
187 216
314 303
302 76
246 192
34 141
122 73
319 138
181 115
73 69
193 366
377 42
258 247
365 246
299 119
367 332
78 106
148 392
9 2
69 255
147 55
348 269
128 219
359 261
334 32
330 128
351 307
122 209
154 39
7 5
158 326
