1000 8000
342 386
686 547
953 203
27 24
233 899
287 836
626 415
834 245
408 987
824 813
291 741
452 705
818 40
691 162
254 225
680 948
964 719
496 269
922 875
293 507
774 933
343 752
348 177
349 108
165 526
921 808
267 725
514 437
117 205
600 371
783 632
320 99
351 816
368 625
691 13
132 817
946 475
570 646
5 271
754 522
797 675
330 417
752 196
854 869
402 806
241 185
439 913
284 142
81 4
768 772
17 252
941 964
728 863
610 85
135 717
959 284
744 289
701 497
486 908
366 240
66 959
777 505
872 413
0 953
417 768
77 434
20 371
750 100
234 713
537 369
430 496
654 174
138 355
23 624
615 390
216 682
701 993
539 926
406 539
231 823
659 661
609 32
32 360
484 266
425 22
636 855
518 642
381 8
349 405
632 965
147 848
999 848
193 538
126 599
430 358
774 89
19 384
121 51
96 958
669 521
980 305
728 850
299 109
859 649
866 843
966 13
44 965
214 237
503 340
837 285
698 611
375 69
347 848
472 443
806 142
316 138
799 44
989 99
506 200
100 372
395 66
738 439
383 304
29 238
644 218
524 695
181 899
116 529
99 589
324 906
731 641
44 882
37 385
981 543
937 81
268 333
499 358
124 882
662 153
121 658
371 645
705 905
896 822
434 995
763 758
253 846
751 298
728 789
35 62
684 325
143 304
10 995
662 134
877 676
640 350
687 363
347 392
268 243
566 702
591 329
813 844
175 916
494 256
705 882
318 742
207 813
46 217
808 61
703 38
89 343
740 776
707 88
521 327
683 87
382 274
417 195
119 944
111 613
200 169
495 518
263 54
332 661
271 492
74 327
530 164
670 271
292 729
711 813
409 394
901 791
669 670
986 140
614 449
753 167
970 601
37 585
655 721
247 279
214 321
606 96
485 628
719 778
710 430
943 119
177 844
910 846
514 248
986 481
49 91
0 372
44 37
957 52
111 204
331 677
878 289
773 715
269 845
845 331
627 789
802 156
633 712
2 500
312 340
333 714
784 685
86 180
74 395
232 185
952 563
862 830
204 988
545 826
185 391
157 812
532 960
969 517
24 323
369 689
16 702
403 152
387 841
332 462
236 565
999 540
480 862
370 37
202 268
863 387
659 372
551 543
684 872
60 709
548 430
750 916
484 505
420 872
346 752
686 934
669 37
475 502
251 197
539 453
465 754
192 476
478 96
19 163
968 80
224 868
510 974
784 994
479 556
218 177
309 256
111 330
646 938
832 897
488 723
351 953
477 895
430 308
991 801
471 312
881 695
180 743
21 317
90 500
873 660
677 534
269 140
865 915
431 697
812 919
773 515
224 602
763 654
910 754
808 381
66 41
428 599
137 449
916 227
949 141
239 978
676 860
471 893
775 902
942 940
173 715
807 397
318 570
404 228
677 212
610 743
605 38
342 742
488 610
321 789
752 913
768 780
773 591
673 901
845 615
193 18
331 0
767 1
923 523
229 600
87 191
343 693
582 38
435 422
0 109
211 104
22 331
236 795
922 909
696 119
877 889
137 560
242 257
561 165
780 142
765 220
334 460
913 268
850 700
690 203
809 901
307 831
585 544
627 859
805 675
979 682
917 468
594 159
725 507
676 858
650 793
78 336
605 343
604 456
43 294
11 853
547 318
684 132
214 663
992 372
339 323
406 256
791 1
767 869
508 443
727 510
236 157
846 193
500 450
649 543
96 660
748 644
331 433
776 897
448 120
269 787
443 676
395 235
29 514
104 537
957 183
48 545
692 246
739 544
697 740
439 793
753 188
789 436
973 566
333 421
686 955
561 482
983 308
69 12
823 525
901 780
708 301
678 752
548 769
296 597
861 735
742 614
275 532
402 248
450 88
22 488
43 583
970 26
891 39
38 714
564 291
847 624
593 525
376 493
646 24
90 507
112 184
474 387
716 876
636 518
964 658
7 359
241 329
385 484
369 775
199 285
67 398
910 12
275 638
505 921
15 595
428 127
131 254
514 848
131 150
366 447
160 725
807 753
55 544
238 776
320 789
61 739
187 323
751 462
314 256
735 329
203 515
456 334
770 322
534 253
473 253
700 985
330 859
739 385
404 329
161 76
118 575
815 657
898 918
471 212
526 558
541 81
73 349
415 195
672 302
800 497
907 853
482 237
712 573
623 116
902 136
192 372
711 359
381 962
277 204
174 803
762 68
236 188
769 652
383 441
306 536
290 213
389 773
450 101
698 425
570 601
914 114
325 977
474 707
939 103
263 114
259 26
534 495
566 303
499 301
97 805
837 387
370 226
512 173
680 211
950 250
164 864
364 489
842 190
548 781
294 812
247 905
190 133
400 108
437 252
409 534
57 247
273 780
825 786
953 505
997 255
755 161
120 472
2 314
662 551
447 308
715 47
213 905
180 966
13 969
218 774
855 627
373 129
407 199
915 712
704 264
968 812
425 440
284 779
106 298
330 553
607 45
600 172
302 781
138 667
102 708
442 958
336 815
87 95
366 2
808 423
618 128
235 395
920 871
174 26
169 857
579 128
902 532
653 557
665 143
576 767
852 18
725 540
186 812
635 904
166 795
327 136
923 914
531 843
785 706
869 307
563 801
787 817
685 792
726 350
936 303
469 140
673 195
32 211
359 667
116 878
463 795
14 738
710 546
582 847
604 803
506 519
956 294
336 641
438 63
343 726
718 813
866 391
360 898
603 719
918 71
597 733
866 612
471 928
510 405
776 114
561 282
633 517
928 321
511 719
736 854
445 454
19 664
198 379
914 153
451 832
224 48
565 442
12 389
371 522
794 499
988 707
133 973
225 414
295 88
133 383
294 578
838 314
594 36
45 509
541 496
693 765
545 611
559 909
0 930
784 146
781 772
854 915
746 431
681 393
871 814
776 165
744 966
831 339
354 877
200 895
725 893
660 270
504 572
532 856
854 316
3 636
440 209
903 538
992 584
931 863
750 60
28 494
26 212
185 381
89 385
628 814
631 641
437 487
213 321
344 67
637 699
703 429
260 606
968 252
542 251
467 292
311 495
787 690
59 324
423 148
62 51
315 693
692 104
532 905
425 876
973 414
927 28
195 187
987 163
791 529
415 258
822 78
106 961
768 165
637 543
666 699
595 333
744 639
789 277
545 566
505 870
332 433
898 527
972 237
691 116
767 458
726 941
536 832
254 657
350 891
200 368
591 795
701 335
435 490
964 332
408 470
554 740
255 804
267 579
42 958
695 809
768 422
102 305
606 356
962 956
247 514
324 190
662 377
526 97
219 842
781 627
312 335
367 919
139 635
499 533
945 194
342 714
968 796
19 575
152 333
531 400
847 856
590 509
585 468
958 805
311 91
432 975
778 800
247 918
787 746
451 732
292 146
446 261
294 817
836 447
502 367
199 702
575 789
563 161
610 874
318 273
965 750
600 744
902 847
14 689
945 817
422 238
315 220
499 610
390 335
409 244
54 608
946 982
397 862
495 359
736 813
632 53
915 233
149 818
432 163
507 378
333 281
616 648
854 467
610 244
154 19
488 208
627 787
542 377
1 389
736 737
554 721
142 470
306 292
288 738
455 795
116 140
429 84
141 283
551 751
527 705
123 367
266 102
506 160
479 507
550 568
596 104
289 739
926 947
31 214
685 838
362 154
979 791
238 120
74 142
223 953
199 346
320 817
449 179
330 280
38 232
200 635
336 841
374 615
788 757
829 474
595 191
980 926
982 570
46 408
712 270
361 264
968 34
433 769
213 763
402 251
995 602
238 684
444 964
299 584
721 480
58 669
672 390
595 6
961 994
767 25
616 128
289 584
514 75
706 727
838 108
331 186
62 921
222 858
886 873
443 959
353 853
980 377
244 928
736 205
922 503
230 538
983 872
474 498
947 532
577 137
992 260
675 55
182 897
265 420
770 60
731 476
914 712
853 510
640 589
67 914
444 649
804 428
521 278
926 820
811 503
310 803
764 985
210 298
235 828
718 5
888 449
833 154
513 687
664 505
628 731
771 73
733 575
501 254
854 779
427 17
282 737
172 398
722 735
696 957
563 766
315 803
568 500
958 81
539 974
939 168
58 710
593 791
286 446
45 492
225 824
861 507
561 385
258 636
472 954
945 35
721 612
191 289
113 149
722 652
123 661
172 533
724 765
324 362
211 722
854 788
546 67
296 108
452 554
96 277
860 41
664 581
654 855
222 119
4 945
771 480
958 296
13 34
61 338
396 625
412 602
413 958
669 61
418 474
967 514
751 828
908 415
761 562
271 984
33 627
281 804
459 239
100 825
274 514
515 22
491 927
625 904
885 294
318 304
120 285
170 223
113 78
991 227
992 614
211 25
241 492
182 53
83 634
878 709
148 745
732 991
672 709
896 557
355 566
213 476
851 736
51 317
814 42
544 807
656 755
832 250
599 14
303 34
649 533
96 149
278 180
141 950
889 389
859 244
955 425
720 158
161 124
475 975
166 371
134 823
126 319
73 77
685 376
464 686
261 560
836 539
740 329
489 981
70 700
225 377
125 298
535 638
422 363
966 588
734 100
411 213
419 836
642 105
564 106
143 825
18 979
364 110
660 205
91 82
258 317
459 735
967 347
374 389
62 340
329 796
792 93
361 564
929 4
21 494
462 164
671 481
496 388
943 508
945 35
591 203
704 402
939 671
101 665
60 163
357 389
312 149
834 673
713 764
29 86
610 844
251 633
325 99
21 620
607 967
655 198
522 359
601 461
30 702
126 442
218 483
184 530
985 18
555 50
782 937
137 744
781 740
378 458
839 751
78 798
718 734
997 241
445 950
54 476
4 533
918 222
368 454
104 353
473 12
756 607
949 893
352 730
985 82
540 176
833 618
974 904
704 323
145 150
273 199
978 630
84 248
204 453
703 309
806 176
321 562
783 622
807 487
704 144
569 244
320 755
862 647
659 919
970 156
69 596
355 47
578 440
295 782
245 998
443 51
526 116
966 662
738 125
149 442
270 71
686 942
826 901
589 837
820 560
993 241
508 700
288 86
492 935
220 737
286 664
141 812
132 107
474 871
232 976
665 854
47 704
797 225
957 386
62 777
298 407
18 158
107 658
244 600
593 817
689 879
481 830
44 613
937 518
836 522
846 854
376 893
558 525
470 515
264 884
644 562
291 662
73 399
672 669
351 617
486 40
497 319
871 893
933 160
763 121
34 610
975 763
855 885
288 326
400 904
562 44
467 854
58 892
605 730
561 308
348 48
348 197
367 571
442 652
84 205
774 470
815 101
233 23
987 874
701 387
778 263
784 597
117 194
489 74
925 51
382 625
451 731
174 818
654 968
823 90
173 597
561 341
698 146
364 37
372 65
425 151
328 561
100 798
755 942
872 32
345 255
9 796
338 535
966 344
503 789
435 677
738 348
370 789
494 86
826 867
503 603
370 183
164 822
981 920
764 206
952 109
813 962
905 151
849 224
847 353
13 634
382 104
982 752
893 829
190 719
48 693
323 770
876 487
592 858
759 357
416 64
818 229
378 76
732 227
300 579
580 665
566 962
769 900
66 662
81 256
734 129
949 57
251 826
896 844
36 656
553 452
720 723
33 98
799 765
325 451
696 258
117 262
220 238
515 639
253 596
895 987
78 845
396 329
23 292
525 411
300 430
215 372
154 248
822 305
365 500
757 61
758 226
676 330
464 191
969 717
139 217
56 217
414 452
899 437
745 424
200 397
207 415
770 713
15 944
18 380
444 127
793 554
705 821
885 522
12 206
591 504
423 648
721 189
100 972
978 197
749 178
595 956
945 717
669 960
661 39
340 106
519 486
660 224
307 897
746 672
104 338
176 879
338 249
69 438
222 47
988 971
578 935
279 523
652 300
484 665
339 176
123 858
662 136
435 322
33 181
994 489
871 522
721 209
771 142
0 345
541 988
316 119
275 947
643 927
247 479
944 587
7 68
797 22
204 584
344 237
766 338
79 989
860 800
551 983
942 551
329 483
891 997
955 166
945 950
445 192
429 389
131 788
457 281
810 661
865 154
251 983
844 330
973 704
482 876
40 776
427 369
611 670
718 566
836 663
868 633
208 297
22 339
438 832
972 248
493 838
403 96
821 247
778 146
304 260
22 344
388 801
65 0
471 783
918 659
447 787
292 7
436 667
698 874
499 671
475 344
509 878
441 682
477 571
829 781
184 203
477 572
357 542
924 180
326 195
840 125
334 484
132 770
503 830
997 2
501 472
699 362
702 492
45 179
63 226
313 247
781 790
820 138
333 96
319 11
291 511
488 625
347 972
748 851
154 97
205 8
921 256
370 623
748 767
154 812
345 467
59 127
610 231
617 295
680 288
658 971
799 146
949 499
118 697
702 272
146 907
280 67
516 3
42 264
770 196
76 116
16 488
595 978
71 212
273 751
853 931
723 652
77 672
503 547
721 205
819 867
465 452
934 981
455 328
245 577
524 674
45 892
162 640
870 233
205 495
337 58
426 60
62 855
84 566
402 157
123 574
24 588
378 310
569 185
638 167
762 514
841 808
759 355
800 981
940 357
477 277
415 903
689 830
111 773
396 513
282 519
439 306
460 817
968 29
2 958
548 765
825 389
925 584
744 77
917 685
435 394
314 850
650 4
32 761
129 780
274 412
652 714
70 112
883 391
493 886
349 42
3 526
431 280
462 528
357 380
565 792
774 879
995 424
235 27
537 365
160 812
777 812
878 199
924 113
590 769
999 292
811 354
818 595
986 281
123 344
661 40
488 787
919 483
564 155
863 101
872 23
265 1
835 495
200 111
609 143
880 960
435 692
315 253
639 301
886 762
997 899
802 486
687 73
321 603
580 184
704 452
559 322
453 746
817 6
209 426
149 90
387 584
134 54
189 773
707 76
887 57
327 41
543 14
114 216
969 695
753 674
499 312
348 953
411 165
959 620
592 108
710 331
44 196
737 233
321 796
661 208
853 989
601 748
355 716
317 325
763 70
351 262
734 699
215 145
216 526
766 808
634 828
491 30
377 580
264 698
377 277
259 582
266 860
683 974
928 0
651 691
70 354
306 804
53 521
302 269
400 68
430 386
248 273
417 625
206 681
676 935
310 935
517 577
147 552
903 76
904 554
119 974
260 425
131 313
299 433
934 699
853 716
85 453
342 502
431 548
535 107
835 846
394 704
775 893
257 30
969 161
936 89
488 196
514 971
861 165
756 795
864 609
864 302
414 558
804 845
458 692
304 293
538 50
997 665
944 606
695 265
768 631
706 608
827 221
579 688
738 335
835 603
296 51
905 710
609 61
908 419
753 564
712 643
967 710
660 263
668 707
528 436
338 235
44 517
808 975
557 546
310 393
149 606
796 406
669 758
820 929
177 925
845 890
921 812
952 581
75 620
289 604
409 979
191 805
497 999
781 406
545 91
151 47
50 948
805 71
706 625
0 235
903 845
477 824
10 781
757 85
754 398
41 163
378 232
320 227
231 101
633 129
545 785
528 947
85 333
18 143
311 370
378 566
567 856
390 577
989 499
15 743
898 56
258 628
289 579
855 872
32 840
353 929
977 881
876 62
567 246
557 878
616 936
796 536
144 186
113 133
37 128
229 935
537 487
915 178
418 770
50 451
963 404
380 940
637 609
355 204
855 912
434 824
200 230
360 696
768 825
830 806
306 411
93 843
898 9
21 317
131 423
768 94
827 500
387 817
109 94
21 317
358 456
141 559
686 501
255 807
678 437
613 984
848 706
179 99
67 552
416 199
976 536
645 155
388 32
972 498
478 994
815 837
802 308
748 488
161 355
295 839
145 260
176 993
319 355
444 386
908 212
937 884
748 583
391 489
967 364
987 798
710 154
635 512
462 735
352 623
90 648
814 235
260 990
581 579
698 25
318 606
238 255
842 338
190 233
827 510
949 166
308 11
672 295
523 486
30 876
461 120
876 276
708 136
618 289
68 316
666 386
922 256
993 116
947 536
702 774
398 3
293 58
15 317
353 538
804 735
766 617
855 642
893 563
131 512
204 199
180 871
937 455
479 282
571 426
170 625
553 568
629 846
626 644
515 331
182 319
66 949
937 274
943 182
189 74
46 394
625 579
617 562
34 96
197 605
523 367
231 76
288 212
274 914
856 789
598 390
461 664
691 750
938 635
284 128
709 331
874 687
910 491
601 296
939 798
901 462
518 484
890 806
48 164
72 904
954 670
295 767
687 986
517 625
973 801
105 35
484 979
722 746
822 323
42 762
474 296
224 992
132 115
150 181
631 222
85 585
245 732
352 932
71 221
909 44
375 15
79 859
994 153
958 817
829 0
931 303
296 155
647 429
622 797
610 254
371 47
191 968
780 896
900 203
117 810
247 492
177 679
704 523
832 662
692 13
14 623
316 311
779 963
92 753
112 54
7 484
453 199
804 585
447 705
788 564
867 388
409 396
67 465
919 251
479 612
265 493
235 933
156 366
897 600
120 361
6 479
197 460
30 2
45 477
59 186
394 926
574 155
322 993
620 593
244 99
205 861
944 441
795 101
807 44
53 279
405 60
759 955
520 789
957 917
619 16
103 13
294 29
168 968
22 140
561 619
591 767
480 535
560 627
988 719
671 42
999 429
102 110
384 974
899 693
891 518
61 347
883 355
376 403
323 399
543 236
18 134
3 850
22 915
478 10
635 501
404 634
282 858
744 18
832 995
63 76
866 124
423 101
479 151
505 154
550 48
391 920
535 394
123 557
662 953
919 297
806 676
283 89
886 379
459 719
726 523
147 592
647 922
46 127
73 551
633 976
951 24
248 486
771 371
395 433
324 667
730 131
695 365
572 581
744 31
652 470
906 799
415 554
721 461
33 147
364 666
123 315
43 723
154 814
95 901
247 771
920 329
902 615
694 826
549 790
858 201
260 116
353 27
670 426
488 55
573 852
722 48
520 117
772 674
931 219
927 530
990 848
211 245
815 257
423 364
47 633
918 659
750 623
39 420
49 527
476 975
732 550
23 604
667 147
630 950
718 557
480 61
757 43
306 573
300 729
289 699
363 559
710 113
182 749
885 232
277 713
207 361
615 582
965 634
82 947
584 800
504 416
861 262
459 519
187 111
601 476
810 316
36 521
781 218
270 666
802 899
732 9
612 347
944 929
334 26
876 918
178 733
687 40
995 498
911 182
610 512
10 772
828 398
645 609
617 268
628 419
519 712
781 484
411 725
413 745
103 642
16 281
375 703
673 722
201 585
904 163
449 266
288 278
665 285
239 634
553 219
53 425
931 186
909 343
911 322
440 14
964 456
648 691
159 321
413 713
906 669
228 356
936 516
986 953
154 577
587 707
149 992
132 432
179 41
127 442
716 568
809 32
24 457
724 536
778 137
601 37
159 829
745 95
698 83
48 852
660 987
911 809
979 396
242 158
789 721
601 505
289 762
890 314
219 614
202 349
103 803
386 262
984 131
709 682
566 757
886 227
96 798
388 76
194 982
586 983
704 539
841 993
301 731
659 520
697 213
870 800
16 608
63 1
92 772
35 658
882 922
885 978
72 626
406 618
960 993
953 664
532 794
10 834
877 21
354 574
587 576
375 603
185 790
956 277
914 344
935 148
618 173
127 690
151 885
308 111
878 261
128 411
408 138
245 285
511 951
860 98
880 235
54 65
377 362
694 291
706 981
440 324
506 919
366 657
804 674
121 35
288 249
446 48
739 43
333 250
346 193
701 226
780 755
643 509
117 689
801 176
671 593
852 529
864 219
187 20
245 308
55 533
909 853
581 648
896 267
898 243
812 951
821 945
58 465
454 528
154 607
704 177
552 556
707 416
775 246
789 373
554 844
258 463
698 192
463 946
459 713
541 271
665 363
568 723
180 375
251 686
982 307
864 887
864 571
303 991
169 92
364 75
289 623
890 339
815 353
285 626
66 827
249 731
542 818
807 722
193 58
408 527
366 624
414 582
547 70
925 716
514 290
791 803
265 681
142 432
34 780
58 453
607 659
184 501
477 343
223 22
402 983
902 120
960 316
54 507
386 979
576 253
621 367
56 238
401 551
670 787
331 80
240 290
740 777
143 569
120 366
944 874
701 846
346 661
162 400
521 901
732 97
154 353
816 562
592 217
465 614
5 148
47 245
790 787
374 933
708 495
651 652
721 353
498 68
366 13
820 239
266 552
336 772
258 153
334 202
722 152
816 727
652 215
325 443
2 699
376 63
546 380
67 268
85 918
688 451
931 860
691 197
413 379
969 23
884 655
225 607
159 393
334 812
609 11
255 963
711 983
26 609
363 94
229 448
12 917
252 295
778 295
844 543
26 165
566 911
820 791
518 332
536 204
144 145
216 751
109 279
86 487
888 450
933 118
250 945
387 854
592 517
501 436
60 528
601 978
439 774
121 957
106 658
161 602
803 729
353 264
8 439
752 897
241 685
367 844
983 106
698 575
624 552
364 684
80 965
15 519
739 136
828 197
794 341
799 950
71 504
214 79
944 318
328 537
4 695
381 987
802 432
914 426
984 278
462 64
244 829
935 335
966 763
885 112
104 36
62 175
541 629
607 837
947 935
726 303
631 108
290 785
892 557
563 228
835 377
644 431
207 579
119 173
694 4
637 798
392 52
326 933
681 933
122 628
868 849
284 851
309 574
988 553
483 551
781 319
281 425
102 488
4 221
13 50
577 650
848 322
702 526
607 735
811 730
716 32
931 0
883 592
926 872
145 410
775 926
81 56
703 183
896 59
757 261
109 686
912 309
8 966
836 616
54 999
698 770
31 629
770 915
573 48
139 718
458 266
996 891
675 699
427 571
758 184
833 219
222 97
528 583
415 716
551 469
716 601
239 747
582 361
14 155
410 505
873 220
124 869
112 799
920 539
722 678
75 907
249 649
356 777
584 772
846 135
593 562
736 185
661 670
898 28
825 308
885 50
881 361
919 993
512 839
884 587
869 311
494 118
960 203
248 545
327 94
32 920
8 121
457 669
791 356
49 617
16 287
667 897
648 939
242 161
130 126
748 352
437 594
822 750
797 70
295 476
516 679
749 524
800 206
546 592
562 595
561 579
234 580
828 883
871 71
396 354
549 496
706 339
442 528
89 592
951 736
68 467
415 817
992 568
24 538
512 938
485 425
869 720
357 50
955 229
121 351
583 22
199 641
361 641
169 802
233 472
890 654
940 658
471 284
226 847
174 90
786 659
515 7
731 872
57 38
453 530
741 388
553 940
29 266
582 551
421 167
23 311
821 315
321 645
599 547
492 125
989 630
137 504
638 868
729 695
907 534
226 648
923 131
941 952
749 875
503 170
42 879
482 216
194 155
861 146
55 353
271 44
984 760
901 974
629 630
669 888
164 247
888 439
730 829
392 480
704 247
650 99
126 484
315 673
640 176
171 695
881 442
91 217
555 992
191 184
974 213
424 491
812 312
930 543
142 322
23 198
570 25
297 48
862 612
721 502
140 892
549 22
687 640
239 242
985 431
778 959
996 202
450 808
866 381
703 8
55 78
207 977
104 856
378 318
469 99
820 609
344 721
983 383
713 575
977 698
358 755
10 354
309 460
162 175
193 218
536 601
296 95
578 400
951 956
70 772
408 890
734 104
963 717
487 29
292 816
727 2
571 737
356 232
550 871
759 743
89 295
696 385
390 275
138 694
583 208
466 343
451 200
447 766
270 286
795 914
102 875
917 25
964 273
257 514
496 17
610 585
312 306
323 55
933 461
749 517
21 567
212 824
120 660
591 390
946 738
656 49
613 573
74 578
199 684
444 695
701 406
281 365
65 956
772 998
769 873
867 790
441 80
967 913
92 910
303 38
648 959
439 614
885 866
544 84
550 988
779 603
747 412
320 812
720 445
162 489
318 382
632 111
814 599
24 258
509 679
648 509
991 88
123 876
306 667
960 208
8 91
811 107
856 483
271 576
928 433
66 247
167 50
710 333
1 735
591 510
766 240
371 757
680 495
985 986
514 297
194 874
389 357
981 597
840 252
173 121
38 591
720 205
993 430
891 994
517 482
856 284
74 228
393 754
723 379
92 589
676 638
464 417
995 445
366 188
698 540
661 736
483 381
293 829
811 184
823 681
19 680
317 93
908 62
848 983
441 292
572 470
931 388
239 278
834 606
466 884
498 479
972 333
860 265
162 24
802 986
705 821
666 374
914 926
436 114
909 230
407 833
700 690
222 291
968 408
897 787
644 747
266 616
81 479
233 243
503 35
229 560
856 247
934 123
173 722
589 434
952 996
268 4
38 842
296 7
602 545
146 246
293 412
862 374
891 447
969 746
483 551
306 691
798 592
166 324
315 756
758 267
104 378
624 143
220 272
150 822
817 296
420 462
60 634
836 304
82 158
50 917
709 357
608 507
949 127
831 616
883 942
236 987
320 860
130 541
132 632
715 301
280 136
764 693
122 952
997 204
110 47
121 819
404 82
679 706
209 510
322 92
804 910
431 125
770 562
18 254
546 733
908 179
221 672
872 344
976 869
900 87
916 22
258 673
456 937
379 665
800 53
757 604
316 188
729 86
102 747
693 1
833 953
180 406
625 52
102 953
273 355
392 189
377 651
214 833
588 945
850 740
999 959
345 667
147 74
753 602
174 798
955 359
751 135
117 728
539 220
34 812
575 426
353 304
77 568
489 18
513 339
758 864
298 103
531 797
530 637
751 56
787 706
415 891
193 532
619 84
104 653
248 31
432 602
335 509
522 176
527 387
867 638
604 165
93 487
315 623
124 66
679 264
125 446
155 670
331 126
755 435
132 3
819 564
957 506
73 831
683 953
219 550
943 175
68 36
662 735
660 787
153 691
403 278
490 558
949 821
36 56
608 168
411 779
84 369
286 510
552 321
463 771
871 758
946 291
794 961
26 806
748 532
850 503
810 340
413 111
513 449
167 473
618 931
253 702
652 539
212 204
860 27
328 83
785 626
727 932
587 105
738 687
637 940
190 800
280 603
911 145
53 431
619 23
714 224
77 366
763 642
570 975
669 898
410 807
525 489
91 112
595 181
152 584
122 342
384 402
298 648
900 351
431 871
726 145
95 803
511 210
445 433
537 467
332 947
626 209
789 69
673 384
250 825
320 372
520 57
127 818
57 27
521 488
898 247
985 993
402 848
555 200
281 92
19 965
39 997
174 828
66 848
564 316
25 237
41 545
294 168
363 351
547 884
191 445
483 176
790 886
376 345
86 657
789 105
623 180
102 149
9 520
349 925
188 375
162 229
920 808
397 636
159 944
872 350
741 356
878 883
594 254
580 680
912 369
137 887
550 591
388 911
111 738
188 299
113 703
529 385
511 278
373 671
575 246
373 668
954 252
552 548
506 484
580 770
854 717
9 756
660 398
667 771
136 855
422 601
558 303
986 70
934 712
93 509
310 466
529 264
70 81
812 929
566 392
699 772
461 709
528 121
107 195
244 243
402 18
844 313
674 182
735 608
894 828
469 204
646 998
820 69
432 984
998 350
728 49
474 189
758 2
662 217
549 258
812 303
277 8
616 951
191 351
911 437
531 732
994 530
730 166
951 514
151 949
216 879
998 690
421 109
692 83
326 593
694 491
897 971
499 865
274 42
217 537
480 100
269 826
982 351
992 933
866 495
234 82
375 585
125 148
46 817
583 372
763 277
863 660
248 715
525 874
757 94
411 589
547 680
415 881
32 760
815 898
607 401
332 982
986 457
482 32
627 66
757 390
343 972
402 592
687 279
818 445
726 230
386 273
910 802
154 942
914 321
192 521
723 877
856 61
686 338
446 313
756 555
55 100
879 457
44 567
89 862
364 815
92 750
440 355
904 946
649 170
268 194
44 343
71 900
756 757
590 554
423 347
109 830
799 989
640 843
908 729
705 624
896 150
726 336
505 983
282 154
153 902
700 197
597 771
449 354
881 392
908 656
91 370
486 890
711 126
85 971
207 790
947 103
292 673
439 797
656 74
304 162
976 356
711 574
128 161
280 361
553 188
369 996
910 855
886 973
334 971
944 541
113 891
645 406
917 436
555 925
510 211
87 487
568 799
413 48
312 693
761 217
233 130
213 144
337 451
469 671
774 414
565 887
657 210
645 926
998 553
204 509
116 291
348 36
442 761
84 106
806 197
323 39
327 888
535 665
339 5
688 465
771 253
705 780
815 350
707 814
255 911
675 372
554 23
408 349
136 845
455 942
42 131
981 722
19 517
387 711
874 427
176 645
33 233
425 200
584 484
14 191
747 41
915 302
416 676
3 552
521 810
846 563
941 828
285 313
697 24
376 923
804 552
568 837
138 345
37 74
830 404
265 929
445 181
583 214
857 586
766 730
397 613
645 338
793 283
3 842
659 379
765 463
284 685
652 422
30 690
496 212
446 761
142 243
294 725
457 503
312 576
233 61
541 231
751 334
514 755
528 173
134 645
637 418
330 641
192 712
683 688
925 129
802 419
725 448
144 182
952 808
758 537
221 299
768 973
985 634
728 865
808 214
510 797
985 192
438 177
905 122
218 182
603 20
601 328
468 97
511 772
258 621
662 479
273 782
804 610
417 532
476 577
99 338
374 84
531 164
613 788
638 831
970 242
851 923
922 672
372 785
796 982
407 458
814 32
593 618
642 10
503 118
587 602
809 313
38 340
477 651
128 116
483 450
710 686
725 632
710 97
418 507
80 177
317 246
209 910
864 203
272 367
674 859
321 483
524 359
175 2
11 303
470 846
105 532
532 830
516 595
927 286
454 359
463 123
605 24
34 822
580 658
541 254
870 863
737 394
222 912
748 585
567 570
431 672
102 316
854 619
263 133
905 717
845 721
840 450
97 226
624 677
885 166
931 107
29 20
501 603
284 602
189 203
172 972
227 627
640 81
598 903
215 855
620 60
576 813
862 674
39 487
703 276
5 987
383 34
7 885
989 644
487 178
199 11
503 427
638 143
508 236
399 75
92 371
135 20
184 350
46 224
189 750
500 194
737 236
580 96
473 569
92 312
100 292
323 955
719 962
98 579
550 849
655 642
221 142
663 405
492 61
981 681
811 834
227 900
70 807
997 543
729 89
855 181
381 178
136 452
492 586
32 43
436 39
37 657
181 52
414 26
114 396
59 277
230 287
178 300
446 175
195 527
616 50
708 350
580 844
802 425
431 186
820 867
225 857
876 759
262 290
785 728
38 844
5 268
483 183
920 930
710 467
457 679
869 166
29 450
362 183
227 793
722 47
12 947
256 888
706 518
531 843
246 569
688 252
190 171
787 462
453 850
282 911
529 151
429 910
953 791
445 180
937 167
227 949
467 484
190 525
354 73
369 601
994 57
205 536
580 344
999 34
194 281
297 723
784 726
633 738
869 79
918 806
598 498
108 65
334 298
591 688
723 960
641 717
369 846
254 949
191 605
335 737
238 632
461 22
710 446
760 932
877 31
738 476
529 198
541 215
848 484
903 571
796 545
289 165
743 543
467 286
148 154
24 738
787 837
760 849
283 873
781 513
904 872
989 785
70 882
0 919
367 255
842 163
800 131
681 544
26 500
830 526
654 206
264 441
43 25
643 679
898 424
192 154
296 181
291 719
415 643
990 782
898 832
298 51
964 331
595 342
831 777
869 485
336 133
279 379
510 922
58 408
698 250
914 995
783 557
66 199
200 56
333 451
888 983
502 204
314 97
547 497
226 416
983 562
549 614
294 60
888 704
820 586
307 87
581 90
644 999
641 197
55 327
648 944
310 502
148 977
951 47
826 177
463 809
92 365
775 738
777 663
442 597
250 749
36 183
840 33
183 833
582 238
160 582
534 823
84 35
152 35
82 978
564 546
140 656
911 915
394 688
931 189
637 181
938 26
364 130
411 899
964 993
490 476
575 24
651 659
59 155
46 142
134 610
40 626
619 303
893 13
343 824
554 332
357 493
358 74
623 121
973 939
114 463
768 41
488 771
52 899
927 98
393 413
709 433
39 328
88 932
693 431
109 248
116 466
93 826
540 716
948 514
8 62
329 128
456 169
899 508
69 826
607 462
591 668
248 630
996 688
915 41
120 24
289 236
842 734
414 383
451 362
249 811
777 578
939 233
100 190
741 169
369 700
983 960
368 583
591 364
272 858
758 744
234 399
332 76
134 746
459 585
109 60
748 886
991 39
471 91
229 212
612 598
913 595
911 633
531 502
998 803
712 108
547 946
507 879
22 641
977 834
578 86
894 326
324 885
717 795
976 947
360 588
897 625
536 808
258 67
662 608
222 374
716 769
320 224
0 695
865 977
529 796
416 423
122 740
661 192
888 989
491 248
930 388
873 466
549 483
885 563
92 107
290 160
228 962
384 228
657 602
557 186
398 973
962 872
66 623
416 954
964 907
554 894
648 779
712 197
262 949
112 706
56 402
867 636
365 603
216 22
557 774
561 307
99 875
180 517
850 948
471 814
856 377
709 504
508 773
53 771
723 165
829 131
920 696
768 285
652 984
659 209
110 572
517 210
447 49
727 297
997 551
112 853
280 173
709 789
298 762
912 21
280 741
153 200
790 921
837 442
257 848
651 368
421 168
578 868
217 657
518 215
560 982
420 841
155 130
630 453
244 542
827 524
635 332
76 425
605 913
867 862
762 519
230 535
39 160
403 257
170 273
824 730
255 244
923 762
726 905
568 971
447 395
847 435
727 924
860 684
837 728
546 951
247 129
486 638
289 242
895 811
515 71
542 123
668 817
885 394
723 453
717 522
200 565
957 927
489 818
611 678
546 510
630 145
639 468
783 280
62 31
444 578
102 986
701 770
155 938
517 878
392 234
401 592
799 358
872 288
176 835
319 74
345 301
219 336
769 355
969 832
386 413
762 840
751 815
963 906
753 480
785 145
714 186
90 866
544 962
506 73
149 825
147 495
126 719
183 248
74 152
432 812
917 194
652 668
361 615
575 114
447 712
612 162
898 702
380 794
16 886
219 165
712 367
12 190
438 196
438 864
700 870
676 618
416 680
286 777
648 213
892 95
925 856
609 175
558 989
970 574
876 541
91 940
908 104
482 698
652 921
562 704
143 238
322 912
271 961
689 919
526 933
14 452
789 624
627 699
613 949
625 841
491 717
133 751
173 616
450 825
889 12
529 384
603 204
296 874
517 986
793 43
271 807
495 61
783 475
112 749
424 738
942 267
455 76
19 628
44 469
805 933
833 686
317 788
242 614
662 111
952 807
155 575
967 2
988 750
829 101
851 254
839 794
873 646
222 892
626 266
713 783
199 899
469 868
687 64
834 702
175 138
509 330
714 476
685 702
579 514
803 430
120 994
576 994
640 798
238 618
64 952
401 615
851 223
484 890
287 318
592 462
809 102
145 523
930 182
577 509
696 733
292 817
727 868
163 720
667 401
338 731
353 740
347 556
963 183
799 602
853 391
416 662
845 913
537 776
95 115
637 792
848 281
961 927
150 476
647 169
877 986
900 583
78 599
491 393
134 290
347 988
34 763
2 879
677 540
7 772
7 997
916 207
278 229
134 780
705 782
949 935
120 202
518 550
153 361
295 288
4 642
628 38
405 982
269 82
874 277
207 881
626 123
88 256
705 575
37 762
357 338
697 829
540 567
379 694
929 674
334 933
316 314
323 73
296 592
156 171
221 715
404 847
190 845
456 895
420 493
658 129
831 355
958 724
275 689
770 204
715 104
489 31
770 164
456 66
756 612
589 330
679 346
529 870
543 985
765 963
478 423
444 662
131 402
386 406
443 156
962 158
612 803
541 382
967 997
800 75
962 742
405 641
440 935
511 983
920 629
298 751
404 742
413 887
144 151
293 939
659 607
97 271
762 638
5 729
987 157
805 949
251 562
943 691
497 806
26 770
435 324
873 192
66 638
79 562
789 725
501 448
332 598
71 95
588 428
176 928
585 333
229 189
896 172
880 745
979 907
515 766
583 388
958 650
26 38
212 167
763 66
967 447
16 38
542 605
818 71
885 756
404 114
945 300
287 177
46 618
436 913
384 20
654 695
670 680
733 234
200 848
300 167
295 317
206 190
274 376
261 159
132 665
273 77
318 912
607 716
530 43
629 267
63 635
962 733
316 695
320 516
543 620
683 190
937 241
380 211
970 641
722 102
307 996
532 977
908 139
693 791
182 674
58 246
310 20
331 978
67 651
846 962
624 881
504 561
475 885
125 445
526 847
547 185
195 431
162 104
570 207
247 105
882 305
703 544
677 386
522 96
390 720
410 14
601 914
927 76
799 52
521 678
252 421
863 447
852 378
903 775
937 150
232 171
807 935
715 484
673 589
932 63
309 694
77 911
609 5
987 760
409 861
438 661
634 654
461 838
384 364
965 321
867 197
493 674
484 560
511 158
150 795
221 459
490 651
722 451
8 62
211 769
923 2
783 909
656 244
747 392
960 713
713 827
910 558
854 395
119 365
905 269
512 478
80 2
129 803
453 489
865 17
259 140
19 42
49 27
638 148
419 950
861 484
130 124
43 984
871 162
701 776
783 213
254 863
568 736
18 21
225 235
390 836
375 409
230 776
436 220
925 207
171 138
692 301
262 87
637 133
249 338
261 384
903 516
247 471
604 266
845 181
501 235
370 229
997 600
357 785
821 282
993 344
773 37
997 35
476 634
521 77
324 782
461 227
650 708
51 606
326 248
788 828
835 158
409 832
110 766
618 283
401 963
627 174
352 624
561 180
610 82
257 934
217 718
514 219
778 917
826 105
517 966
285 352
124 46
537 586
812 507
870 213
470 849
739 174
826 301
354 436
735 963
723 952
681 589
172 811
858 350
268 375
316 905
79 792
951 616
378 116
123 600
681 945
450 421
119 628
722 825
416 457
788 491
762 821
80 286
633 290
636 901
665 304
159 745
96 110
713 826
226 837
779 908
134 581
681 606
209 403
431 625
212 572
117 326
393 549
612 378
840 248
632 857
904 791
954 0
901 668
179 480
857 958
388 991
539 69
597 748
824 381
725 388
953 842
715 698
744 679
77 584
280 709
441 184
500 396
185 753
416 716
233 273
674 973
616 213
394 566
313 570
947 38
959 252
233 26
302 977
705 379
913 985
440 706
170 292
454 707
46 870
423 631
495 97
605 464
662 999
30 975
570 329
13 881
581 598
907 235
575 964
615 840
950 407
547 472
700 1
179 98
224 954
729 71
403 686
535 65
38 565
392 608
894 405
841 827
4 100
63 931
64 30
772 366
437 671
838 489
24 369
939 248
323 669
320 78
707 207
143 745
773 535
705 19
293 546
199 649
646 262
932 63
644 704
429 81
727 268
923 752
637 214
0 313
235 672
391 943
880 887
688 5
774 394
376 67
292 575
68 291
837 1
354 481
57 135
915 785
403 190
537 393
404 889
58 640
914 801
935 146
688 623
151 815
369 527
234 14
455 303
305 644
656 11
126 65
146 393
850 902
935 739
647 691
981 57
683 895
858 618
41 899
242 544
66 963
423 300
977 878
955 634
523 611
645 1
677 144
746 879
398 681
971 397
372 952
454 56
847 664
26 888
915 268
432 981
584 855
282 561
86 237
196 609
201 193
610 230
689 356
461 87
389 432
484 113
384 290
521 231
955 548
471 222
168 255
204 752
463 838
314 549
427 862
158 628
407 768
210 449
476 672
536 865
104 373
330 841
15 852
424 322
400 896
545 568
151 749
321 614
587 987
163 14
201 673
995 960
793 557
409 269
229 298
486 686
671 817
879 38
669 303
361 421
199 906
989 703
7 310
669 946
649 185
312 850
858 307
163 652
217 572
273 798
870 112
484 893
281 363
932 950
19 293
371 570
551 712
273 558
375 295
856 24
480 168
227 690
828 390
694 45
314 968
843 185
432 680
78 713
395 10
663 414
655 386
985 206
450 610
116 825
905 972
202 385
493 781
76 321
171 122
366 837
90 561
22 522
241 453
587 637
815 602
403 471
340 388
29 791
351 498
616 256
470 170
642 963
951 70
636 474
192 2
312 635
916 334
509 157
787 97
146 603
699 902
426 40
642 455
183 993
953 799
250 776
322 244
91 273
666 728
748 210
82 60
197 998
394 707
508 534
156 6
489 207
908 915
599 551
722 782
544 28
934 794
804 256
390 247
529 56
327 277
267 410
689 464
760 436
523 620
970 679
627 811
239 887
78 838
438 800
621 335
828 907
481 984
163 872
584 44
928 911
674 547
673 363
364 786
799 887
406 121
919 385
284 158
625 362
996 63
163 969
750 343
876 232
680 391
104 616
436 384
527 110
284 553
825 648
339 977
535 97
450 806
835 735
964 460
97 313
875 612
634 626
308 863
210 340
254 666
956 42
50 483
504 686
388 330
334 727
659 222
177 109
28 12
844 993
472 294
658 699
906 292
325 566
155 887
906 762
553 862
804 956
698 309
642 86
991 329
166 650
551 343
111 579
355 956
924 179
250 582
878 508
875 556
427 382
443 333
144 349
548 301
305 598
962 299
684 305
628 202
955 179
545 66
111 252
374 35
783 976
618 662
837 845
570 264
579 365
597 76
66 497
377 371
95 339
23 132
644 651
334 951
183 232
369 294
836 96
681 620
72 651
634 909
848 556
173 428
921 123
856 988
620 233
711 68
924 86
552 920
738 238
223 273
470 592
919 659
40 952
279 113
604 265
374 452
821 548
232 94
23 88
434 995
673 146
63 949
584 615
869 674
854 444
947 676
389 218
335 429
171 966
542 775
231 917
579 404
817 164
499 840
604 933
835 278
431 251
579 16
218 801
690 424
245 990
453 634
208 788
64 379
107 958
506 690
227 438
95 396
602 594
588 558
879 776
836 311
27 768
679 597
569 721
22 814
711 475
801 272
615 865
3 74
175 510
765 755
300 860
151 902
806 740
460 37
516 649
348 895
417 379
492 338
101 866
152 164
341 305
436 309
522 440
383 698
302 148
453 602
360 956
856 166
48 668
204 564
317 904
811 86
636 656
776 89
522 281
253 216
586 42
525 109
834 908
807 488
409 612
442 769
568 298
288 617
966 844
533 636
100 697
74 736
353 851
825 227
132 431
443 718
825 320
827 11
581 986
499 990
598 941
111 519
591 399
488 557
243 21
545 696
70 620
432 775
471 610
3 603
393 798
673 570
119 501
581 52
487 80
42 438
373 153
309 964
905 797
873 500
170 771
196 241
743 981
16 214
943 19
169 336
170 194
906 641
695 487
693 535
919 87
325 644
240 634
960 497
431 185
998 601
956 546
194 699
527 211
265 470
582 786
158 752
981 64
745 28
903 438
915 174
525 240
818 118
226 130
615 657
316 965
611 624
512 805
324 391
368 941
214 303
80 372
407 61
789 153
441 692
591 357
219 469
949 37
939 176
520 554
185 836
872 148
460 736
954 136
479 674
430 693
977 510
66 737
571 855
890 12
899 833
721 470
302 671
508 593
847 28
148 32
216 372
181 676
460 487
165 939
513 595
633 843
105 51
580 28
258 470
392 509
655 114
980 310
785 840
903 984
220 403
368 436
775 901
464 235
740 629
527 606
576 160
449 33
563 29
61 821
851 806
330 506
920 662
168 57
502 72
393 722
475 761
158 603
15 975
190 755
956 717
713 533
229 162
918 792
543 980
965 746
786 296
253 58
958 773
467 813
845 860
535 673
973 46
276 988
21 466
96 329
536 809
862 765
972 133
910 867
113 875
614 251
523 219
661 834
992 128
647 838
988 182
511 961
580 139
302 953
605 398
283 493
207 497
259 531
630 169
399 743
396 365
346 920
584 359
754 576
487 753
766 827
287 629
789 868
768 443
821 374
841 456
867 400
954 478
284 584
999 35
680 396
400 26
668 336
386 774
912 225
527 679
53 166
308 194
34 77
637 208
803 830
664 22
582 618
853 218
555 204
253 235
600 5
613 620
341 351
394 254
577 273
285 982
440 945
176 474
374 165
34 529
347 699
904 929
669 757
500 224
961 753
459 914
111 425
534 452
776 281
58 353
554 695
687 994
641 215
469 367
380 855
897 79
906 153
361 576
262 861
152 223
966 964
489 77
389 376
530 517
657 588
871 211
284 910
206 277
126 27
644 858
234 893
938 141
46 651
69 308
512 221
884 478
537 725
556 278
101 438
796 110
378 19
322 14
929 880
291 55
259 288
914 493
533 204
634 932
855 55
240 367
277 476
197 166
202 105
445 655
543 593
766 274
612 440
288 541
672 932
949 931
572 215
776 105
419 411
37 274
818 630
993 95
106 542
614 660
648 411
668 543
4 434
169 616
226 458
509 898
742 810
829 314
25 957
419 444
720 457
70 539
439 415
986 897
958 600
558 958
11 226
853 367
12 23
983 238
833 845
136 575
655 317
889 681
626 308
477 347
117 900
886 908
315 872
806 625
473 364
583 836
942 789
204 954
812 539
544 997
736 32
572 392
701 461
425 327
121 902
674 591
802 912
499 470
785 305
95 610
669 31
798 963
820 354
269 984
894 813
981 630
845 905
374 898
366 799
226 487
54 252
430 856
165 930
678 302
235 774
912 257
805 710
220 977
65 490
313 311
655 294
293 853
199 668
751 917
467 329
756 521
582 187
730 99
117 408
401 704
534 665
961 691
727 534
668 144
376 981
807 31
627 101
884 178
769 988
447 588
317 204
462 251
743 544
702 860
952 455
916 839
120 878
530 200
764 199
344 140
532 504
523 512
605 408
42 726
748 490
314 417
694 128
21 789
672 723
1 977
531 917
816 651
147 346
203 911
897 900
51 782
404 575
294 9
335 336
87 83
826 401
852 872
882 873
661 554
597 662
883 128
932 699
131 79
398 687
991 647
587 394
429 343
321 75
704 656
764 791
91 942
544 944
815 426
169 828
981 118
843 864
246 775
916 730
854 666
769 197
313 708
592 95
51 913
522 755
922 286
898 365
229 442
661 396
869 831
576 202
949 771
66 548
546 334
630 753
0 399
302 666
107 246
113 510
160 635
265 434
274 515
799 855
957 813
251 826
644 179
28 593
951 447
493 849
781 123
954 134
522 257
152 981
503 617
491 15
252 108
801 878
623 953
733 581
766 336
759 410
516 140
355 819
587 201
668 720
324 975
206 199
232 710
532 87
327 24
455 932
484 256
810 460
209 896
393 327
232 152
89 100
644 797
919 231
998 940
304 322
915 510
873 499
221 406
586 548
782 393
832 618
650 643
78 211
539 823
539 123
976 980
224 620
777 495
204 775
435 508
450 702
370 323
201 591
81 140
492 863
533 324
482 535
319 912
747 210
736 638
334 64
970 910
36 748
405 240
875 193
100 325
895 471
1 449
414 434
941 258
298 474
935 132
362 254
396 109
817 132
99 151
548 421
413 585
169 818
177 397
363 278
74 611
101 75
60 867
510 353
126 160
827 413
644 189
667 40
650 484
525 101
987 73
523 400
658 44
571 836
441 934
466 516
897 919
943 309
786 805
662 264
965 842
677 961
383 697
2 34
533 879
487 521
952 362
273 963
407 844
799 200
131 617
68 28
536 12
338 674
169 352
939 487
194 616
448 578
313 802
964 847
681 803
720 986
166 993
949 925
190 100
477 321
717 546
701 605
910 391
279 79
96 218
566 290
187 15
868 500
817 184
699 851
988 419
837 506
413 786
431 955
238 908
628 955
806 681
912 716
73 191
796 169
762 362
811 949
729 32
801 899
216 501
102 556
920 939
62 685
77 845
640 315
754 268
622 912
950 886
629 375
429 777
896 191
491 707
492 221
739 294
472 308
795 574
864 67
865 927
753 294
772 393
961 878
14 935
143 316
821 772
691 250
901 939
794 392
646 638
965 738
932 789
46 79
363 262
147 228
541 252
874 666
997 835
544 11
770 687
679 591
811 722
194 712
661 340
457 308
978 774
46 263
564 444
694 927
706 193
508 600
445 382
266 795
570 162
158 340
850 838
284 13
560 830
78 222
522 887
882 500
661 928
115 225
724 162
505 782
355 13
382 153
747 648
300 317
811 458
10 13
296 646
378 209
476 456
431 998
695 313
850 357
593 318
582 669
480 439
451 187
804 186
692 552
834 992
221 997
451 583
362 99
229 741
308 57
549 739
55 245
404 258
954 997
576 888
666 408
328 470
947 132
656 640
36 842
984 610
840 787
193 554
887 775
647 547
832 197
639 240
794 43
498 100
393 426
988 411
834 316
881 781
801 537
773 837
732 758
447 924
897 993
478 784
768 126
332 952
675 971
192 821
366 690
921 759
468 909
171 302
578 52
436 379
942 561
216 674
671 16
598 569
9 428
705 129
554 389
81 581
712 274
754 79
316 675
190 785
937 361
439 867
766 227
246 60
789 814
86 460
830 36
29 191
464 735
320 371
476 754
952 189
28 59
268 696
734 458
833 23
172 273
890 290
500 136
350 641
303 788
102 485
824 483
677 288
570 349
11 47
103 316
236 483
375 856
180 109
666 13
485 190
638 375
480 491
512 182
132 167
970 234
652 146
70 681
435 640
31 798
39 486
114 275
322 841
483 502
303 150
867 788
692 858
163 173
349 27
707 481
194 678
68 847
824 138
528 611
130 911
410 170
750 876
797 72
718 633
926 21
135 793
809 827
3 324
0 352
352 708
186 546
738 254
745 914
744 626
526 226
537 288
396 639
516 546
711 234
179 637
607 314
783 768
141 786
93 494
139 445
554 325
343 292
931 89
206 675
715 84
253 604
372 650
244 889
548 955
475 727
945 83
41 728
851 534
866 296
28 357
741 582
34 85
226 965
526 433
992 241
869 246
845 242
248 441
483 796
397 958
523 342
393 916
422 597
802 288
893 183
646 987
117 680
424 344
998 950
129 342
543 998
588 388
592 836
830 75
984 579
34 859
273 779
127 695
376 930
335 270
113 333
257 230
366 681
926 364
983 55
706 526
406 647
266 998
835 448
426 820
27 812
31 652
591 159
347 968
89 35
590 554
720 847
784 86
880 63
802 863
118 861
389 876
508 655
875 695
104 301
867 483
465 899
136 56
58 835
24 499
870 966
53 591
813 189
29 45
252 832
908 723
45 297
599 905
305 826
600 761
479 820
244 944
719 380
1 129
216 377
628 438
344 33
381 509
222 411
555 827
595 815
550 640
465 149
545 770
976 497
531 807
317 127
752 388
860 105
517 428
834 497
866 178
530 600
40 753
363 595
580 958
410 482
950 227
631 847
997 959
344 880
767 14
8 871
402 868
976 272
648 810
769 514
341 300
466 381
405 829
328 337
787 90
819 89
318 802
936 667
114 633
900 233
999 908
104 753
128 432
25 776
594 795
642 935
95 461
668 852
290 348
189 430
791 8
519 461
162 808
128 276
441 28
509 792
288 965
545 768
397 571
896 992
366 891
279 813
352 948
665 642
648 854
72 439
214 944
900 728
752 381
5 545
409 514
337 50
832 882
818 229
805 715
573 171
606 853
336 958
153 353
952 801
559 377
241 773
321 493
502 73
874 859
970 284
725 307
686 557
541 504
787 347
571 360
870 177
565 559
487 718
912 792
520 472
169 113
245 490
606 99
915 481
310 885
117 36
544 803
593 437
307 732
136 231
445 7
760 10
566 248
81 478
392 601
950 561
714 548
51 672
999 318
153 310
203 622
346 99
425 291
536 85
24 673
316 821
32 76
183 950
676 264
780 68
217 83
629 283
631 32
956 982
350 461
292 905
84 990
4 861
282 893
298 658
918 966
831 302
43 14
252 71
279 32
492 848
115 473
132 98
506 88
81 208
549 725
114 985
68 470
199 702
715 497
360 985
464 543
287 859
557 539
930 188
924 774
37 391
248 169
490 754
609 923
314 510
0 780
848 68
251 47
770 318
544 482
304 360
25 591
219 935
483 502
475 407
628 512
798 876
33 640
982 994
915 297
505 916
77 353
336 680
752 107
999 296
941 655
9 319
246 580
606 81
434 81
840 63
946 991
939 331
631 274
326 899
571 831
167 0
536 503
681 288
962 32
936 904
39 945
575 637
878 181
719 312
262 559
727 560
550 667
892 534
941 218
433 864
401 600
216 289
455 249
577 418
281 865
674 672
163 249
310 41
782 381
353 396
940 81
957 843
100 849
377 393
419 162
609 820
114 825
461 569
75 38
987 708
255 13
381 418
614 43
459 396
424 165
793 716
598 102
559 50
303 288
795 722
450 404
894 564
581 355
486 656
745 473
717 0
839 450
419 453
493 230
850 269
395 995
985 993
449 897
395 752
185 190
826 988
946 720
904 528
427 390
536 172
216 253
524 55
703 295
508 548
526 710
817 921
57 155
267 506
52 662
610 589
205 436
577 151
508 834
679 935
224 216
459 440
469 336
847 525
631 356
73 157
66 243
431 124
398 698
982 802
712 593
391 269
381 321
421 890
507 100
177 731
668 637
524 490
973 371
15 956
79 440
114 146
35 545
622 785
595 956
587 659
901 331
929 283
4 702
173 511
154 350
594 823
339 470
665 664
194 32
621 273
472 87
771 860
984 745
645 931
54 233
942 955
916 223
238 272
925 763
783 80
466 729
255 157
552 920
822 746
952 795
371 776
882 495
636 218
240 634
149 294
219 91
250 135
315 840
407 592
956 542
672 422
623 279
579 175
551 753
273 503
900 997
632 134
492 620
352 732
254 853
379 473
297 981
608 612
821 367
556 777
261 581
551 885
860 483
412 412
588 38
267 489
35 899
623 527
872 328
611 126
181 990
600 478
971 560
442 145
280 999
274 541
932 826
426 792
309 191
556 249
229 824
738 616
75 714
143 947
42 754
426 575
97 26
406 68
938 200
565 218
199 840
760 483
666 538
276 327
81 184
576 310
8 667
926 436
381 421
383 775
528 161
702 625
187 108
45 478
309 611
696 860
451 808
344 469
699 972
148 780
156 76
443 165
743 369
953 476
143 688
603 671
850 306
296 389
414 693
867 723
656 916
936 107
76 280
928 775
604 76
556 760
153 351
277 248
72 230
725 215
919 328
886 769
634 534
510 401
580 378
476 236
294 412
696 370
44 624
498 648
53 406
761 558
757 38
806 829
269 883
397 540
564 283
661 550
170 171
951 750
901 428
986 547
192 34
270 589
11 768
589 64
174 350
622 283
389 780
464 10
664 861
550 580
497 563
130 667
734 82
769 988
862 107
535 406
142 805
995 153
573 585
569 99
287 543
734 676
323 199
686 339
412 588
919 909
151 50
928 238
484 697
226 346
805 761
104 299
919 100
804 844
37 373
296 676
916 30
353 239
581 391
931 994
332 850
255 835
900 184
73 736
881 651
82 38
765 187
689 684
639 493
528 28
866 824
56 782
207 409
374 140
153 305
486 485
507 742
320 760
926 746
496 159
397 579
550 162
118 239
198 109
733 727
489 951
903 545
734 110
307 460
603 812
765 89
649 624
831 321
384 109
67 881
621 817
812 171
331 282
762 530
391 847
257 232
799 160
129 885
623 788
697 226
952 814
667 601
438 499
923 823
960 342
704 581
159 516
104 491
798 867
21 541
66 630
125 217
142 254
102 117
395 151
695 347
965 363
949 404
862 224
227 822
566 283
756 78
151 860
569 949
79 942
842 146
924 967
715 66
573 170
184 968
321 879
668 287
242 969
43 456
193 622
631 111
905 387
189 56
599 110
357 31
52 199
529 328
166 244
395 91
414 931
412 736
162 80
23 757
49 66
213 594
40 196
705 945
935 247
353 535
357 710
566 762
909 95
90 427
339 485
518 106
768 282
842 931
362 217
40 763
635 605
709 675
802 767
620 737
14 325
624 371
35 542
133 296
989 576
723 681
413 593
787 182
228 629
465 942
198 505
58 833
462 767
508 264
534 480
354 900
805 330
624 192
873 109
488 862
685 563
543 99
156 330
633 384
311 98
327 509
955 385
342 417
504 202
34 391
34 388
643 839
70 267
383 943
377 871
806 414
434 701
513 943
384 146
679 695
596 358
557 903
95 899
321 600
454 707
343 488
447 986
680 517
254 63
461 983
287 619
397 721
320 263
664 704
409 696
752 358
54 309
261 150
560 934
102 14
641 797
855 88
783 887
606 389
950 419
724 237
38 122
311 710
385 327
767 146
23 871
504 430
180 118
580 92
52 34
459 694
831 666
134 966
553 92
356 855
511 80
445 901
554 756
964 291
435 731
438 459
602 294
889 134
412 821
578 465
207 37
511 38
703 645
356 608
90 64
464 601
497 909
855 51
17 819
343 452
550 133
911 504
427 152
990 840
325 920
657 532
958 520
922 13
517 279
622 607
343 438
209 840
347 64
244 364
883 587
816 785
72 80
641 499
584 983
691 910
903 700
442 213
220 365
227 738
996 201
345 339
639 906
532 338
322 776
702 205
715 870
342 787
302 335
286 887
318 330
797 222
30 591
435 251
308 14
341 304
567 686
996 206
945 528
544 267
304 598
825 19
821 167
806 123
855 444
362 173
774 159
747 805
103 535
408 411
549 749
68 117
787 64
675 732
592 572
0 896
522 177
267 343
696 73
819 551
869 181
725 644
693 472
801 796
359 209
559 909
310 627
378 97
691 405
182 635
977 534
883 852
711 150
195 759
575 14
311 445
548 388
441 241
212 242
37 572
803 948
481 113
576 211
562 619
616 96
607 946
982 490
798 693
993 345
805 568
712 116
365 260
504 158
501 716
400 890
288 555
838 121
20 766
684 583
386 301
31 345
599 14
835 749
59 828
94 864
749 806
980 114
66 836
625 567
905 25
809 193
933 648
667 953
414 351
888 152
4 920
497 955
286 685
704 345
513 799
210 614
605 542
81 24
731 706
943 636
83 753
181 16
753 848
970 167
552 858
672 908
778 521
216 64
558 920
762 72
71 324
38 29
218 119
53 949
825 996
585 909
101 119
925 854
319 247
374 871
106 46
132 236
919 348
653 478
620 415
902 692
91 940
721 309
412 126
611 237
474 548
498 576
667 776
430 987
23 804
210 129
202 694
366 474
42 371
304 15
138 206
707 229
498 780
890 910
906 501
500 380
50 998
308 717
774 739
56 798
895 267
279 98
961 997
924 356
368 228
371 506
786 430
87 636
210 978
547 468
479 399
848 881
749 157
951 876
248 7
26 143
274 305
593 588
655 517
296 23
97 667
882 883
449 969
520 659
299 419
127 779
818 327
12 919
836 963
795 436
971 821
932 597
479 525
537 134
395 833
157 492
852 391
376 301
713 248
960 12
667 439
143 837
119 156
756 307
119 552
744 90
725 676
688 204
553 225
338 948
411 848
793 263
239 169
565 952
769 877
965 436
669 108
625 788
264 381
447 736
285 543
826 11
571 866
215 125
444 554
425 855
402 218
118 993
739 683
946 508
913 263
296 582
723 921
722 340
655 169
76 940
65 254
951 636
121 167
113 917
73 891
772 827
109 242
820 201
278 118
61 191
733 358
773 457
631 847
149 286
16 225
227 81
831 530
70 304
697 183
221 122
74 345
949 536
588 122
737 866
592 150
409 326
860 534
135 492
381 284
778 397
861 357
831 692
888 901
997 937
436 570
60 863
916 361
399 856
483 488
74 76
990 483
754 851
17 889
343 750
173 473
147 386
831 330
78 71
583 427
8 372
350 420
235 266
782 986
474 617
826 548
45 816
31 151
667 400
40 362
150 565
836 649
951 19
980 382
90 915
161 450
287 511
871 874
129 5
860 603
622 38
151 20
855 534
171 874
934 564
237 84
129 73
86 81
92 418
815 534
333 976
984 973
488 855
847 969
860 60
573 835
98 724
207 953
259 378
828 545
942 65
982 424
490 68
857 582
486 672
116 819
648 452
144 488
308 992
458 520
52 383
355 502
107 562
456 718
293 636
264 587
53 246
11 543
666 220
477 152
892 945
323 893
397 468
733 57
812 191
578 216
926 285
718 386
200 526
104 493
162 720
432 215
318 796
110 984
16 587
488 261
884 812
154 282
632 887
339 796
431 269
12 357
555 730
743 755
257 200
600 771
920 384
339 591
180 449
927 549
389 416
810 273
580 964
555 212
203 247
8 986
868 372
344 423
102 439
530 711
639 130
835 912
515 174
855 47
623 782
596 12
198 406
286 778
722 193
342 278
792 702
264 661
74 608
84 529
400 967
592 39
97 427
303 964
601 158
12 225
941 960
589 491
367 875
622 441
421 316
719 213
19 336
874 445
296 311
326 696
278 919
88 727
346 391
692 948
902 56
525 195
16 114
686 735
342 660
529 763
977 600
976 348
936 203
145 233
514 472
929 144
391 369
871 737
761 915
37 15
971 914
210 340
381 248
75 723
909 956
486 238
557 814
586 493
369 731
78 235
203 8
379 946
729 603
36 842
518 425
857 842
340 67
182 721
316 609
796 577
566 634
815 123
800 753
968 170
484 47
405 40
407 137
338 136
740 374
979 610
800 188
452 492
256 986
565 924
948 361
501 866
347 668
341 147
421 309
317 257
708 75
297 115
212 988
604 952
362 935
914 514
123 367
6 731
705 571
7 5
284 508
871 631
528 212
779 949
874 448
207 582
523 856
50 735
844 654
687 559
941 602
73 416
321 80
148 378
3 155
384 288
16 255
271 544
820 50
846 694
499 405
276 22
261 326
758 458
332 797
17 625
751 442
42 424
522 190
803 878
697 539
166 713
146 437
610 966
840 456
660 691
861 289
713 474
967 823
932 300
973 301
925 724
744 967
501 618
509 656
496 207
547 14
920 693
804 882
660 996
338 672
687 199
313 400
674 281
576 958
581 549
612 858
625 356
178 478
326 687
134 175
894 681
189 167
727 345
49 387
341 388
411 380
939 725
133 965
6 709
276 939
610 888
797 235
596 975
66 274
15 200
449 909
234 991
428 961
336 478
700 30
218 463
762 509
188 895
827 546
604 103
837 566
343 987
154 291
314 220
565 329
420 15
591 6
6 19
967 694
849 19
76 419
483 839
281 23
734 108
570 691
563 759
257 906
746 411
197 61
631 762
390 404
129 981
410 487
353 730
182 554
749 610
326 584
801 607
608 536
715 530
579 630
289 836
888 36
600 85
449 231
199 191
987 681
525 750
168 878
480 702
784 581
313 110
166 114
717 126
2 784
656 581
414 297
770 302
685 370
739 134
953 291
326 941
324 851
691 492
81 523
195 865
456 860
976 974
326 45
100 681
830 108
614 596
406 384
251 91
106 342
578 60
633 904
1 957
107 44
802 188
919 349
53 375
561 381
350 887
427 450
920 257
911 535
205 317
919 456
760 26
799 338
86 432
594 439
742 701
835 896
889 754
245 295
129 806
676 479
45 455
282 966
712 545
853 918
862 772
726 974
150 525
313 588
310 259
379 404
961 214
300 202
968 545
849 450
703 878
929 100
333 563
418 398
108 271
316 322
396 42
649 546
920 962
135 230
573 866
634 534
81 934
89 49
831 938
851 886
816 781
986 502
696 757
900 157
28 568
831 424
962 480
323 882
794 810
112 368
676 746
254 757
32 343
159 215
634 10
101 802
143 440
304 192
197 204
701 577
772 532
354 735
365 677
617 511
487 82
879 515
180 486
625 213
829 136
428 815
146 530
618 642
322 922
186 519
127 887
96 251
771 450
986 488
479 956
0 318
38 231
834 218
717 459
783 547
595 212
714 93
94 332
87 768
607 273
287 86
512 735
337 636
538 676
124 17
632 476
336 22
708 170
592 425
981 376
324 928
940 39
21 386
371 461
154 978
86 793
64 599
880 754
587 418
430 711
436 414
540 124
788 248
646 380
673 979
108 998
907 400
37 280
138 760
741 292
91 828
437 155
779 318
261 366
736 691
429 524
457 969
0 245
217 646
978 243
625 438
241 532
839 630
813 977
742 906
622 833
734 59
341 513
729 602
231 818
646 661
342 103
982 343
701 200
341 31
443 319
469 36
851 660
18 16
990 760
275 612
594 9
23 935
875 753
537 458
571 535
119 265
991 102
960 692
654 302
75 449
621 544
837 824
557 855
193 547
615 468
159 561
829 534
496 56
639 386
515 562
921 986
828 912
440 788
956 94
442 31
895 63
928 732
240 485
587 433
384 555
901 895
116 82
429 965
139 69
351 6
631 624
992 811
889 433
952 845
879 394
229 775
458 157
859 698
994 799
483 730
354 736
625 822
818 406
787 957
827 490
963 811
115 308
622 4
741 574
201 972
969 430
99 779
939 959
829 933
110 312
663 464
48 640
638 866
47 778
176 874
268 491
685 735
799 308
91 892
234 645
217 555
75 316
334 367
627 163
652 737
475 668
553 875
308 192
742 355
322 270
582 942
113 267
678 913
927 121
157 514
766 726
69 194
43 404
561 670
919 213
760 395
881 313
622 542
857 716
897 179
986 479
122 100
99 152
365 378
273 874
892 392
601 962
938 996
366 851
18 285
416 778
32 650
92 655
192 949
723 441
481 710
273 603
810 372
755 527
750 380
401 995
772 354
957 62
350 675
265 369
960 682
147 345
332 591
352 876
893 75
317 374
137 942
977 299
314 732
826 417
112 580
764 237
934 721
651 285
396 917
6 708
951 153
405 283
97 109
511 990
185 180
364 674
123 693
974 789
777 152
558 241
732 322
830 19
43 482
304 791
751 662
500 702
167 257
337 264
367 200
606 904
380 322
578 503
15 904
293 144
57 851
386 141
174 216
160 569
50 816
361 801
478 213
855 646
822 544
262 189
744 869
93 125
543 24
628 559
928 273
703 337
125 441
479 651
658 639
572 60
808 285
862 286
498 69
284 321
614 547
862 358
768 308
483 311
332 464
222 612
737 278
950 214
719 781
865 729
772 438
790 580
75 4
219 574
73 503
247 39
402 461
398 522
769 233
834 101
49 408
66 787
686 16
353 406
149 571
487 921
361 277
502 436
281 721
362 707
576 609
746 979
423 496
853 192
730 687
646 131
448 712
270 134
80 624
892 229
195 380
150 556
9 4
992 291
725 355
998 654
316 96
633 739
593 486
284 675
526 930
806 974
994 77
460 426
53 353
655 248
85 157
156 94
514 148
737 239
855 87
893 172
184 878
263 777
717 899
452 595
829 258
921 175
687 381
601 740
86 608
988 171
118 144
618 632
645 355
223 500
795 117
24 979
347 640
756 416
539 208
11 721
818 284
896 506
666 850
246 752
458 587
276 576
83 246
208 728
953 432
581 748
901 957
727 600
949 835
17 841
395 380
562 214
665 810
72 683
660 670
787 471
257 63
47 693
309 608
773 615
392 706
363 645
664 91
245 965
278 614
806 674
347 368
888 364
531 312
47 191
982 834
14 592
250 414
285 911
22 58
526 766
765 890
411 781
333 656
746 611
623 905
637 970
273 877
334 156
189 733
700 172
567 714
764 817
128 401
81 502
459 607
268 576
849 679
709 534
688 456
498 311
361 135
281 986
13 967
143 554
700 843
726 619
909 842
789 38
243 870
540 55
477 809
983 679
840 693
213 528
501 711
839 214
847 472
200 212
439 695
766 139
890 845
759 800
687 548
190 283
770 82
338 247
243 673
278 84
366 492
612 867
203 804
81 402
276 634
966 716
329 85
207 572
930 318
724 969
218 914
252 988
996 942
588 240
616 866
676 982
710 288
202 266
444 283
20 721
917 987
789 599
72 348
171 2
19 895
971 589
161 576
930 157
870 518
749 486
736 425
821 799
66 23
65 510
658 85
583 928
72 372
527 496
73 50
850 92
297 174
681 458
750 611
967 620
481 717
459 570
142 632
369 560
7 434
71 17
871 6
945 296
379 472
792 452
522 643
896 819
169 577
629 919
541 597
891 22
314 702
592 808
686 313
369 693
99 792
711 971
798 656
619 529
481 411
333 355
406 229
527 575
159 156
846 700
753 90
722 419
144 667
228 831
980 949
524 432
93 587
403 243
596 22
773 429
785 458
784 544
688 311
471 199
820 670
899 573
760 973
345 904
640 573
735 973
874 612
405 319
551 160
562 147
534 335
576 319
794 713
215 834
24 687
33 196
357 284
770 469
257 115
373 250
40 461
575 266
425 332
585 976
492 147
476 26
835 404
697 981
117 265
167 494
304 552
690 13
836 812
482 445
279 207
695 671
20 270
937 445
954 874
774 446
374 250
824 561
654 874
894 124
139 61
618 795
613 660
808 801
473 290
246 104
849 942
776 870
564 65
315 871
292 89
317 666
691 494
227 698
368 473
822 859
534 792
654 499
452 814
300 277
104 898
382 953
192 510
175 109
927 843
980 219
284 297
237 976
143 816
674 863
289 848
74 175
640 728
674 92
894 326
722 998
225 456
304 417
966 831
526 245
674 506
817 959
156 54
935 299
871 961
163 512
809 237
688 801
318 362
893 212
41 967
563 266
423 219
35 741
50 562
987 77
420 804
36 928
210 323
228 81
636 743
946 797
332 634
598 2
348 843
567 389
811 482
7 234
701 43
328 103
957 315
180 729
471 568
658 681
243 238
115 879
981 61
676 665
47 274
668 395
118 587
137 281
69 144
867 122
539 195
225 496
862 758
578 333
678 236
367 922
474 834
153 807
247 830
472 294
456 492
41 926
79 178
207 148
675 75
622 214
622 848
63 485
958 641
170 988
229 537
910 703
371 64
510 618
246 334
264 702
827 306
981 906
836 188
407 511
615 29
78 590
229 493
75 539
486 245
528 715
135 438
418 858
854 280
477 100
966 93
155 793
399 136
52 236
676 459
99 644
840 177
234 422
670 309
961 156
906 489
223 41
280 993
900 486
273 729
587 240
822 94
385 222
230 437
810 258
248 261
902 441
439 136
863 461
797 824
970 704
666 545
745 298
539 997
784 164
726 723
404 901
817 142
475 47
931 637
306 180
898 560
621 689
697 836
151 494
660 473
550 678
18 648
976 557
645 761
722 724
484 478
977 302
972 452
701 904
89 359
84 987
920 57
677 969
893 180
815 905
5 366
584 23
14 560
933 11
673 7
87 510
837 64
812 810
516 865
714 957
577 150
945 849
559 974
818 452
154 633
709 159
351 293
534 717
206 819
729 879
178 168
389 16
233 553
178 101
771 244
59 348
746 356
197 305
330 367
109 836
352 818
347 704
112 233
421 670
53 502
549 583
671 291
599 256
196 129
357 319
373 768
19 119
124 568
776 806
935 885
642 288
704 341
344 168
575 117
838 980
972 739
563 995
30 515
251 579
644 960
898 370
729 270
841 205
838 618
12 774
503 6
414 559
348 758
727 923
227 565
903 199
305 466
194 687
333 797
618 978
758 869
348 839
139 541
44 977
159 408
751 15
415 517
574 763
275 654
686 503
571 941
54 228
759 249
916 93
46 534
71 156
755 771
995 894
664 392
872 824
800 623
191 215
141 117
978 768
771 16
623 695
957 30
923 717
279 191
162 677
78 585
834 833
708 181
728 372
573 600
196 374
575 739
589 68
857 920
189 980
288 812
675 246
842 951
315 473
142 477
503 220
414 337
406 122
870 134
494 444
734 43
170 661
782 111
730 991
31 271
972 320
83 999
918 278
950 585
103 445
414 606
17 828
295 423
950 166
557 444
962 643
487 132
305 622
243 387
613 275
658 585
947 93
937 217
723 239
802 179
684 216
785 702
44 433
125 346
599 683
790 561
678 630
693 983
252 936
722 865
563 732
803 862
178 740
79 901
979 881
80 16
449 218
718 845
651 843
191 602
878 334
163 557
316 208
892 568
496 967
785 60
51 940
274 229
32 354
483 12
235 915
380 685
133 98
882 136
293 74
738 524
760 253
81 76
461 325
996 310
644 781
722 696
74 996
925 106
350 408
470 938
324 850
975 809
948 857
946 242
283 36
118 43
290 551
471 103
876 467
413 873
601 135
569 675
484 846
781 834
607 252
772 283
102 99
92 403
957 390
997 240
427 115
636 69
666 107
172 894
575 586
767 176
73 688
203 557
535 984
744 142
588 516
777 691
616 869
446 925
612 443
517 391
558 153
460 224
261 632
118 188
570 238
716 644
926 919
553 461
255 297
955 844
166 732
887 134
954 333
59 918
128 576
309 686
82 769
262 343
401 380
883 324
970 599
968 897
518 873
358 125
171 666
321 689
750 208
823 704
893 234
622 373
810 283
59 244
52 321
587 806
54 822
130 24
421 450
921 291
323 632
417 846
650 738
535 400
299 710
457 544
944 431
918 107
715 329
351 767
3 291
925 57
