200 1600
147 109
186 161
51 135
137 46
173 132
167 140
103 129
141 17
94 153
54 31
167 165
158 88
73 93
13 175
194 0
47 141
61 185
103 65
120 192
111 93
124 30
185 27
159 126
196 54
79 3
37 198
168 147
38 194
192 51
169 186
51 168
80 65
153 135
130 25
127 193
70 3
175 55
30 86
181 178
140 12
181 130
10 102
77 48
96 70
100 65
8 103
185 88
120 138
175 50
115 54
195 185
57 170
40 39
57 173
18 149
185 199
31 147
101 109
195 197
131 47
14 91
103 151
132 23
89 107
26 4
162 21
141 19
192 133
59 1
106 29
102 43
28 134
190 82
195 138
31 126
185 198
169 40
149 101
64 39
161 90
195 123
63 89
94 7
22 105
8 81
134 111
76 115
45 67
197 40
5 28
118 142
26 39
183 176
141 199
167 102
89 114
177 152
155 71
112 178
129 120
11 63
183 87
178 28
106 127
20 63
156 90
158 134
130 141
62 23
140 181
77 181
48 54
85 3
77 197
133 6
70 144
22 53
184 152
82 42
80 54
106 188
97 64
74 27
157 89
50 49
70 127
30 118
133 67
74 10
17 7
169 87
104 191
140 40
143 174
82 175
29 140
115 78
156 190
105 65
79 107
114 101
186 96
172 71
164 46
81 181
5 50
68 109
193 160
101 89
135 136
16 116
76 132
194 185
74 51
50 153
158 165
6 96
61 178
167 177
24 0
158 30
3 178
91 196
139 145
37 74
81 54
142 109
186 136
94 60
187 97
165 97
62 171
193 75
150 112
53 126
112 163
108 115
142 0
64 33
145 101
59 178
155 1
87 141
89 134
153 28
31 118
77 45
42 70
120 192
134 125
118 46
89 27
114 183
179 178
168 76
79 27
54 35
180 93
128 21
27 82
49 58
152 126
103 194
148 176
138 34
101 57
80 142
36 146
77 167
124 45
43 4
24 49
191 4
142 71
177 170
153 178
28 58
104 84
52 4
60 191
38 161
0 71
56 188
17 133
155 94
179 150
50 3
199 41
160 93
112 89
63 18
68 44
76 124
128 80
129 140
23 119
53 175
142 109
115 112
43 22
6 174
172 56
177 123
49 89
17 113
179 32
131 47
76 159
123 156
192 4
48 15
124 102
143 18
163 58
130 6
81 88
180 5
144 110
81 145
151 50
59 82
82 142
129 111
102 5
19 46
9 68
61 133
170 156
104 85
167 34
92 0
75 24
5 19
86 86
117 38
136 176
120 171
70 2
82 172
7 101
18 16
169 32
102 91
140 6
177 107
192 21
107 67
197 65
39 84
103 156
122 192
84 194
163 154
196 45
79 155
98 49
172 20
33 26
111 174
32 40
81 176
13 141
196 11
6 35
95 109
143 169
101 27
163 64
133 160
61 12
115 160
14 39
132 47
65 43
21 49
36 55
178 49
148 174
60 154
9 107
15 104
76 117
83 40
133 16
152 147
181 19
59 195
59 191
194 76
186 168
78 174
175 56
24 123
30 36
29 191
96 44
95 172
113 178
164 199
146 116
98 79
136 157
26 147
100 21
23 86
189 53
13 116
109 37
39 91
25 20
82 121
16 129
46 82
107 162
81 6
79 131
85 167
88 112
66 140
133 41
178 74
95 191
142 4
180 181
96 158
153 130
79 169
60 77
51 119
40 84
125 71
15 163
190 103
75 56
195 160
49 174
186 144
117 128
101 98
61 149
56 14
79 87
135 139
117 187
11 157
71 88
180 87
51 170
142 78
178 138
38 27
64 176
124 181
104 25
31 117
174 87
131 53
175 67
145 92
6 108
1 77
196 133
116 48
103 59
126 33
149 117
12 165
93 136
98 150
161 130
67 135
17 151
141 144
170 38
188 176
146 141
5 142
74 122
142 129
133 21
114 34
138 127
151 183
63 49
85 25
179 105
112 149
8 5
45 178
195 186
106 141
127 111
36 154
185 130
35 70
151 150
104 41
77 55
177 140
57 14
117 36
119 182
137 127
139 183
57 135
121 163
76 48
27 64
154 12
195 190
35 98
140 139
92 17
147 21
109 4
35 179
192 155
113 82
34 52
17 92
187 138
55 16
138 34
32 93
47 179
83 82
30 175
173 122
144 72
143 5
28 178
184 173
85 49
55 120
102 24
164 41
162 171
9 100
6 42
145 5
21 180
39 51
155 12
125 99
37 68
105 17
199 41
190 36
91 197
156 145
21 120
186 135
92 196
188 50
190 133
55 11
114 94
15 21
58 140
73 95
161 178
113 112
171 55
148 62
53 57
159 26
129 146
162 173
94 150
23 84
35 78
47 101
172 14
123 31
107 196
78 20
126 143
132 97
199 32
112 52
89 71
30 19
169 192
192 15
94 168
51 130
46 99
31 171
65 106
154 172
102 32
192 28
176 76
78 175
109 190
179 150
13 9
169 183
154 114
198 48
82 50
178 80
101 162
51 166
68 5
91 123
38 35
151 166
112 29
141 173
171 72
123 185
33 45
168 187
159 118
36 193
120 166
73 21
80 77
140 149
82 183
72 72
18 175
38 82
157 131
7 128
155 131
65 189
128 33
176 39
104 12
32 24
131 57
198 11
134 90
112 169
25 136
41 43
64 32
78 21
115 85
101 71
168 167
60 96
152 36
135 56
1 119
33 84
129 183
95 63
25 160
184 50
48 26
45 112
10 123
133 125
161 35
196 81
154 56
178 106
93 65
163 46
137 148
130 66
131 177
81 156
137 66
158 186
44 3
50 54
79 184
179 192
171 128
73 125
184 3
31 29
21 146
27 158
94 157
176 177
135 57
85 24
123 43
162 167
199 13
173 30
149 105
22 120
33 47
197 169
51 28
199 24
127 26
134 21
136 110
199 23
167 36
199 43
80 114
162 31
127 136
61 28
193 83
148 26
130 97
195 133
77 146
109 4
125 43
26 13
153 177
36 73
165 187
116 197
101 78
28 28
166 89
8 159
124 108
137 7
5 85
92 83
31 2
87 108
45 65
121 199
194 109
72 160
97 140
157 198
170 138
179 89
179 187
0 104
96 138
111 53
23 155
136 6
157 176
67 3
41 188
154 188
50 178
100 147
118 9
145 40
147 76
129 127
64 130
183 112
20 46
165 195
1 54
1 159
30 68
162 23
9 68
163 59
46 63
158 116
73 55
156 172
132 38
51 148
168 34
12 140
80 177
135 82
183 136
41 13
157 155
189 118
175 152
129 173
16 87
89 41
142 197
13 74
35 65
174 155
51 186
95 132
116 182
166 99
119 159
113 28
66 102
98 41
6 27
14 22
66 55
63 8
4 29
35 192
46 161
147 97
148 195
181 64
177 99
115 48
10 180
28 76
34 126
69 41
105 35
63 171
90 79
132 47
108 167
39 106
128 186
155 28
133 89
44 63
188 160
63 199
140 92
27 175
170 97
16 28
84 79
199 127
110 131
174 170
50 13
76 131
151 32
159 37
121 4
100 61
116 163
12 56
7 40
31 130
89 199
158 173
31 157
100 141
41 74
112 43
87 140
174 191
172 86
28 45
42 128
59 158
43 71
14 3
111 198
133 0
197 43
126 180
152 26
122 145
53 34
189 92
174 115
83 99
1 111
96 43
191 155
153 35
27 120
190 90
118 75
43 67
118 169
48 70
147 122
16 0
108 157
45 34
72 128
133 74
192 182
69 183
137 175
170 116
95 160
7 165
187 50
184 105
19 184
128 118
106 96
119 14
53 164
49 77
44 134
151 36
68 173
20 6
148 142
74 195
55 81
160 42
83 144
100 54
129 28
173 35
76 44
2 81
8 3
158 4
137 110
41 158
35 13
164 135
107 190
130 162
72 90
5 107
186 57
162 67
85 135
55 113
179 57
194 139
60 152
143 149
14 136
107 49
101 23
136 161
166 66
123 38
108 80
97 95
137 59
114 174
194 169
87 125
178 81
16 190
34 160
92 0
48 151
50 102
175 186
63 141
5 138
131 113
19 180
160 108
40 75
83 186
44 170
64 23
4 80
13 190
192 105
190 41
57 40
95 184
179 110
77 136
48 160
49 19
140 162
128 132
37 11
119 33
133 183
8 137
63 174
127 56
79 118
49 88
110 96
24 41
6 53
177 54
165 179
74 58
141 2
190 178
165 109
163 98
44 172
36 60
146 115
68 177
33 117
18 96
13 194
137 171
48 67
25 165
46 51
23 139
53 14
69 170
75 32
69 120
156 105
180 102
172 0
32 6
117 50
54 82
44 143
53 44
10 30
10 8
82 33
147 87
199 16
58 75
1 79
147 157
136 79
12 108
79 44
114 196
46 120
30 90
64 83
87 74
65 97
35 99
82 182
187 82
151 197
109 104
76 56
13 12
135 25
120 14
21 187
10 67
107 192
110 123
27 197
198 92
46 185
192 80
119 131
114 22
128 23
126 156
79 92
168 14
117 40
28 139
27 190
158 87
182 68
10 161
17 160
54 15
145 198
96 65
129 10
39 9
186 166
165 65
58 85
80 127
125 60
18 105
3 177
144 185
197 154
99 167
67 105
182 164
103 30
181 184
193 21
193 179
187 110
44 197
195 76
76 120
137 95
177 140
24 121
77 173
28 128
140 95
33 123
59 136
153 193
120 146
14 65
125 153
175 122
150 122
198 178
195 87
25 172
179 49
46 9
23 74
137 115
121 171
38 132
107 144
125 180
42 139
197 120
92 125
42 194
47 192
173 42
80 198
167 11
0 13
20 175
87 158
90 8
129 81
140 188
25 18
120 67
157 118
187 2
43 181
196 42
174 121
85 6
72 52
17 72
17 38
199 104
148 89
64 77
122 156
17 147
174 138
167 84
56 106
86 51
88 34
93 14
156 130
172 180
134 189
4 151
179 3
7 127
44 23
156 167
180 174
114 106
64 33
142 120
140 28
123 180
63 16
146 171
99 118
151 33
59 155
137 39
110 144
118 154
168 27
121 100
1 188
158 65
173 101
137 65
81 60
45 96
28 143
67 79
13 170
113 73
77 2
64 139
146 134
94 66
161 167
118 114
107 77
179 81
130 68
146 11
80 144
108 61
39 127
140 53
50 5
126 127
7 142
67 106
76 113
172 38
32 43
152 140
72 84
173 2
104 71
165 185
15 73
46 7
153 138
60 3
144 186
82 151
80 149
9 156
14 182
146 47
177 51
139 49
135 112
51 39
183 168
176 151
194 22
158 147
113 170
150 57
108 184
160 188
86 170
144 100
104 43
99 81
94 38
130 181
150 133
172 86
101 149
189 95
123 99
194 36
69 96
45 177
81 6
165 167
128 61
67 184
104 167
17 150
157 99
131 60
184 104
146 85
5 135
133 128
186 79
165 55
176 162
32 57
168 149
176 48
10 43
184 67
162 1
169 72
100 101
132 84
157 78
122 162
165 7
42 151
86 7
158 14
170 190
23 90
91 199
91 53
195 75
120 109
29 42
181 81
143 113
118 52
143 192
166 108
151 8
11 189
168 169
4 90
111 27
132 2
27 175
56 22
3 128
131 32
170 65
65 65
178 183
69 122
127 35
182 78
196 194
68 116
115 24
6 179
3 90
181 30
66 189
4 69
118 88
53 88
153 70
106 131
6 175
5 133
163 188
12 159
134 32
75 1
8 33
180 11
123 114
42 141
103 198
162 21
86 15
62 191
38 120
75 44
95 80
177 10
20 141
169 106
125 196
108 133
29 88
145 105
154 139
46 58
137 9
31 176
176 45
119 14
165 194
58 13
75 188
23 95
129 145
2 55
141 62
188 123
102 85
28 57
24 26
115 114
187 98
42 164
144 161
130 109
156 141
122 183
129 146
30 58
43 184
65 184
46 6
59 101
91 39
158 68
66 25
134 5
123 128
169 67
89 52
129 197
193 51
180 122
149 163
132 192
147 198
129 146
4 188
47 95
180 5
115 46
182 49
51 57
129 173
77 19
177 6
168 170
9 101
44 111
64 176
103 11
174 184
109 178
125 156
26 105
113 93
103 95
95 106
153 24
31 30
195 8
188 164
178 197
17 22
108 81
199 164
44 125
100 154
56 25
62 34
82 176
127 185
71 174
92 176
199 75
158 146
84 146
110 62
96 127
37 4
160 188
120 157
113 21
63 169
198 125
155 81
101 35
18 125
9 62
101 160
138 12
107 22
158 17
84 54
97 73
11 9
61 131
166 127
104 181
48 103
107 4
184 8
39 2
85 48
65 187
9 3
151 116
177 109
85 61
116 134
87 79
96 148
162 14
75 67
196 76
122 103
80 58
63 119
60 149
119 77
88 80
32 39
196 9
100 34
23 168
120 62
199 16
10 162
31 38
181 27
114 103
82 146
161 145
65 173
46 136
3 86
17 187
125 165
149 178
199 124
98 120
186 98
136 148
60 119
186 193
146 52
96 28
198 9
126 15
134 124
104 89
11 121
29 88
38 178
66 38
102 165
110 40
15 198
188 75
118 127
68 16
179 116
45 130
77 123
97 163
47 1
5 10
74 34
99 113
164 117
103 18
34 13
58 49
163 46
76 81
173 96
98 105
164 95
35 193
170 84
157 169
38 114
180 64
100 31
177 64
148 32
34 135
197 92
136 161
138 13
194 64
109 44
169 26
139 156
19 61
192 128
31 30
42 11
95 94
194 24
110 94
9 144
29 6
36 166
167 127
131 162
143 192
6 112
18 98
20 190
159 12
118 142
195 113
153 42
7 99
18 118
194 27
62 23
34 51
141 1
178 24
115 73
169 74
185 187
124 5
177 83
169 48
26 164
161 131
6 168
31 177
38 177
4 101
152 38
104 94
192 34
70 107
107 39
133 92
179 57
49 108
93 170
156 71
87 69
154 45
190 137
22 28
114 27
81 67
65 185
113 57
19 183
117 126
175 2
170 154
60 171
62 105
94 171
176 181
40 82
26 30
20 49
59 134
28 92
153 93
78 66
103 49
2 172
128 177
174 50
83 186
174 145
91 68
68 19
49 109
102 27
139 74
76 150
8 56
43 162
150 73
180 5
74 182
177 2
111 151
5 194
90 179
92 133
47 160
105 48
69 159
75 161
33 104
63 193
160 58
155 62
131 88
67 6
22 44
160 134
148 165
80 38
144 124
123 143
85 28
191 106
187 67
19 20
123 83
14 83
141 121
146 25
161 165
31 184
10 143
70 110
109 150
100 5
27 23
149 112
4 140
170 191
159 190
164 82
73 130
118 166
3 16
191 165
