100 800
0 65
48 13
37 59
57 80
77 85
19 82
46 84
97 96
85 75
53 97
4 37
7 70
39 79
60 34
88 72
4 89
89 52
54 27
11 64
59 41
49 79
23 96
15 20
44 52
96 49
1 52
38 60
74 29
40 87
15 80
59 19
21 1
23 76
28 87
40 87
28 41
18 3
89 33
75 33
38 23
34 39
75 24
0 2
54 40
89 69
72 0
41 94
1 64
22 81
51 14
69 31
55 39
34 45
73 10
30 63
85 65
2 61
41 2
15 95
94 4
17 67
4 10
61 58
74 35
39 78
49 60
9 56
0 44
1 25
6 84
88 91
1 42
4 42
45 19
90 91
75 59
58 80
69 71
90 95
6 81
73 7
42 83
64 94
27 65
19 85
1 59
28 2
1 33
45 98
4 35
90 80
46 0
12 15
72 2
10 30
83 84
38 77
67 2
71 46
19 42
83 21
53 11
23 55
44 20
5 49
7 95
81 53
96 93
68 20
47 31
50 30
67 40
60 34
94 31
32 66
26 15
87 79
26 62
86 23
35 92
24 42
87 5
48 35
50 68
7 97
99 10
79 66
50 39
52 97
23 84
63 49
51 2
80 78
64 67
53 51
59 77
94 98
34 42
86 84
10 93
81 62
55 12
28 58
52 33
55 27
69 18
76 21
20 8
51 36
75 4
88 86
33 34
85 19
28 23
3 90
68 36
52 24
48 33
82 52
66 89
79 35
7 7
8 79
16 59
15 43
15 55
30 48
41 67
67 69
90 22
12 10
10 64
34 11
49 68
63 67
57 95
55 16
54 63
95 22
75 63
66 90
70 48
91 12
15 10
33 57
33 45
67 95
62 54
6 63
74 22
31 32
69 86
48 23
1 96
46 76
59 64
19 81
12 10
93 79
20 79
36 5
76 55
53 38
61 59
54 88
33 85
20 2
23 20
78 76
68 24
53 79
88 24
61 0
34 6
31 6
85 67
64 62
74 17
52 88
76 6
76 62
43 48
64 18
20 42
95 89
18 48
68 58
72 29
10 58
36 41
64 73
60 28
87 35
97 40
75 26
98 51
88 94
99 4
12 19
99 7
60 17
7 29
76 31
10 38
89 98
80 6
72 40
86 11
27 84
51 2
10 2
53 50
48 4
54 60
76 53
68 36
23 27
17 51
59 80
89 0
78 69
58 2
62 97
14 89
33 17
92 43
71 97
45 19
54 99
80 30
5 0
18 80
79 88
31 38
68 72
91 98
94 1
53 56
98 67
45 31
36 89
26 60
39 71
79 93
23 11
75 80
63 45
60 43
85 91
33 53
63 76
4 57
78 57
65 28
76 63
60 64
52 38
24 43
62 56
88 85
67 63
65 83
61 25
26 46
68 11
52 83
88 56
93 18
13 58
46 41
73 6
5 78
97 30
21 59
86 10
96 5
25 13
40 38
38 18
85 58
30 89
93 70
45 86
88 10
97 86
51 70
45 8
48 42
38 22
1 76
32 49
34 9
62 74
48 52
45 85
10 75
74 3
97 19
42 37
81 39
23 84
61 68
92 10
10 31
32 63
59 16
12 45
25 74
72 25
26 17
10 88
44 36
92 41
55 86
78 88
25 1
72 38
70 65
48 32
48 32
96 59
0 8
5 78
35 77
3 61
46 66
50 90
2 94
31 58
80 61
98 57
62 71
95 84
88 96
17 36
80 65
47 81
25 52
59 60
81 62
74 79
28 76
69 31
22 52
41 2
13 91
11 28
62 58
12 2
54 81
38 35
46 86
16 24
90 27
36 24
41 10
3 70
38 25
53 60
77 46
14 91
37 25
19 52
84 83
54 90
65 93
25 63
31 93
87 73
72 76
49 14
38 5
36 77
30 89
37 7
35 4
50 24
81 69
76 17
53 31
8 70
76 85
33 59
31 73
84 3
49 34
17 87
39 53
64 21
94 54
28 81
10 79
6 91
0 82
9 53
65 17
23 93
54 9
52 85
82 37
89 83
23 58
70 14
12 87
35 6
93 15
88 3
46 46
46 47
80 55
52 46
24 28
91 31
37 44
16 71
33 57
6 8
16 28
74 28
67 9
86 60
76 26
15 23
72 14
22 53
21 26
51 98
54 42
29 43
38 45
66 23
3 72
31 71
1 5
99 20
66 37
81 43
64 48
18 88
62 92
93 36
18 44
34 25
39 63
20 77
60 87
1 15
11 84
86 64
90 37
85 8
75 18
3 91
18 73
79 81
65 73
17 36
69 3
13 8
66 33
38 26
72 91
94 84
75 80
0 17
70 85
26 45
55 81
88 74
55 67
55 72
92 24
60 62
27 73
22 45
7 60
23 31
51 17
15 79
50 16
96 20
53 74
17 9
8 5
83 63
24 90
87 17
66 48
31 45
73 53
42 32
14 65
64 17
35 79
96 37
47 93
9 53
19 26
14 27
83 49
42 7
39 30
76 57
30 7
54 3
61 96
88 27
13 52
44 0
83 41
37 31
86 46
36 57
24 50
85 7
99 79
67 90
61 43
47 91
3 53
47 64
1 35
43 14
87 87
67 70
80 4
53 18
3 89
76 27
91 13
87 90
92 54
80 54
49 79
97 52
84 96
68 85
83 11
52 70
51 19
93 31
75 98
50 78
40 78
58 31
91 45
22 35
51 54
41 0
34 39
53 18
87 73
56 71
85 8
93 36
27 38
67 2
37 69
33 77
47 91
60 90
88 82
26 91
37 19
43 23
58 96
93 98
22 49
69 7
9 62
43 36
1 62
39 90
84 72
67 83
15 27
74 55
62 52
46 51
71 89
26 82
38 71
80 60
73 1
67 82
63 62
19 16
76 10
6 60
34 73
44 49
53 70
4 67
22 2
18 45
91 96
79 81
67 11
41 40
12 60
23 28
22 42
44 51
4 51
11 38
76 55
87 29
25 43
48 99
45 66
97 88
62 76
70 82
88 11
22 52
24 45
80 98
39 25
49 43
76 61
81 52
68 20
34 46
63 34
45 60
53 94
49 67
23 19
49 63
82 72
15 6
69 96
5 61
73 54
4 49
67 38
53 36
58 39
34 74
74 31
86 79
26 35
46 49
6 96
12 41
20 27
47 89
75 4
50 48
11 7
49 30
45 55
66 55
94 0
29 20
32 68
99 10
3 98
59 62
94 23
3 14
2 2
55 78
7 6
78 70
13 28
0 10
83 19
65 29
71 47
2 55
15 53
65 70
51 76
32 97
51 87
63 54
90 19
84 97
77 62
19 42
42 19
52 77
90 69
59 62
16 61
69 83
66 87
6 70
63 90
67 67
78 31
21 68
2 5
17 79
19 36
21 62
7 73
91 98
94 50
12 63
63 81
46 30
68 4
0 84
95 19
51 73
2 24
41 56
81 58
35 0
94 8
14 1
33 6
51 28
56 63
91 20
97 89
2 65
94 54
1 89
25 52
14 28
28 55
36 9
65 72
62 59
80 76
12 14
34 64
42 43
79 85
15 76
74 17
94 20
23 95
9 48
0 23
28 28
30 65
90 95
37 52
6 69
28 19
35 15
35 29
58 66
14 73
43 41
42 37
61 65
84 23
13 84
98 42
65 29
59 55
76 96
7 83
17 87
54 53
