256 2048
78 26
104 23
161 154
38 61
78 153
33 246
208 186
123 188
1 167
247 169
18 104
45 167
43 45
180 30
7 100
1 85
127 105
108 32
4 147
94 82
44 127
72 253
57 196
185 58
107 176
227 126
25 17
37 68
62 217
98 69
62 99
154 189
205 7
221 209
154 59
35 198
186 108
195 244
48 124
46 155
45 18
25 70
35 62
138 97
24 236
167 86
80 65
19 29
72 240
238 226
44 17
169 230
125 108
218 173
233 9
73 22
27 98
92 62
161 230
159 185
210 70
15 34
136 34
63 208
18 45
179 62
63 92
37 188
200 255
106 177
8 179
199 35
21 35
97 182
9 1
111 220
71 126
254 207
160 62
160 179
107 83
241 170
175 22
103 119
22 209
41 30
132 240
66 153
20 163
80 29
164 191
249 236
62 248
187 222
54 91
145 161
174 131
76 93
153 179
213 175
132 254
206 8
238 16
161 2
179 241
32 88
177 25
68 239
17 255
205 71
91 95
233 9
226 53
103 123
232 60
43 108
58 249
116 40
9 21
43 188
7 75
20 184
100 88
167 118
88 116
189 179
211 166
188 181
219 35
49 195
95 92
47 153
85 163
194 94
185 237
26 192
56 47
120 156
135 31
18 223
147 208
146 103
118 79
28 82
114 77
21 210
169 69
107 254
232 45
92 161
26 119
97 82
166 217
239 45
248 1
13 140
209 159
243 72
238 15
154 97
93 175
51 6
244 158
5 221
204 97
126 230
216 224
57 126
185 40
172 178
41 185
62 251
88 49
67 71
64 221
168 157
140 219
164 129
121 169
94 69
10 220
44 227
188 101
97 118
141 13
40 182
198 102
177 31
151 244
102 215
209 14
117 94
233 25
223 98
194 61
168 204
25 212
175 214
57 17
76 198
30 116
124 229
218 46
4 113
34 106
72 244
120 189
82 97
214 49
195 152
110 107
101 135
63 20
93 120
37 169
62 68
29 187
41 247
233 45
104 11
151 177
255 15
110 81
112 69
130 51
221 240
159 66
120 222
87 213
87 124
127 149
192 156
80 233
148 57
22 252
69 173
173 68
188 28
150 44
97 24
96 62
9 255
129 129
221 216
86 52
84 213
202 21
114 26
254 6
84 21
2 153
194 176
221 127
204 115
171 45
140 11
107 149
10 236
22 232
196 108
28 25
66 230
46 180
1 44
186 85
65 188
238 4
108 203
131 56
63 46
101 203
58 209
96 68
189 118
44 130
226 73
155 36
47 201
216 48
245 146
133 55
79 115
59 187
63 190
244 126
236 89
73 38
42 169
107 232
31 151
106 1
224 5
38 16
206 254
64 195
145 198
250 224
57 53
155 120
243 143
246 224
233 63
6 19
232 113
251 7
9 101
9 233
106 47
249 56
45 58
252 190
0 246
158 57
44 58
178 31
201 168
255 178
232 6
198 208
119 193
216 128
39 225
106 145
16 99
202 61
157 198
252 157
188 154
215 232
212 137
8 158
49 7
80 25
13 22
234 133
216 194
5 255
163 111
144 179
211 90
240 112
32 236
14 221
135 229
197 91
110 205
249 159
213 74
185 226
96 163
103 56
101 109
55 8
220 200
187 175
34 171
32 67
152 46
32 31
19 229
122 129
179 116
32 136
190 217
106 30
124 210
87 225
63 142
233 27
86 164
203 121
80 235
188 232
25 220
7 44
193 129
173 116
245 205
252 179
167 103
210 35
57 41
5 120
183 238
147 14
147 94
135 227
73 67
203 98
31 210
142 224
83 59
85 73
9 81
252 176
184 206
211 241
247 216
105 175
199 253
189 90
91 68
61 165
135 8
7 166
218 150
134 45
209 219
118 218
45 115
138 229
65 94
215 57
54 64
232 253
61 165
87 153
233 148
62 112
156 69
22 118
219 156
164 173
120 26
135 165
141 18
138 207
112 97
8 166
162 240
164 223
149 251
120 126
144 182
238 44
252 4
163 215
160 71
132 24
97 12
189 239
30 72
190 142
169 198
52 75
182 216
43 75
212 163
201 100
90 183
144 86
187 51
45 91
122 178
116 220
190 49
203 220
121 137
106 35
79 158
110 5
119 153
80 75
61 25
175 151
208 63
237 139
115 26
230 237
204 90
201 138
140 148
102 5
29 208
40 108
111 151
113 230
48 193
49 109
218 224
4 170
31 241
53 146
12 28
128 216
118 73
99 2
222 201
8 251
154 48
104 9
199 217
239 248
155 32
101 117
0 106
32 31
91 85
178 103
113 50
64 232
123 163
234 89
108 242
85 6
35 189
15 234
150 254
226 49
30 72
167 30
178 199
62 13
28 240
117 142
34 181
118 157
88 96
247 196
83 76
203 118
9 218
96 159
217 67
209 247
139 120
22 61
63 84
74 91
68 191
233 102
116 95
3 204
192 250
145 19
70 92
137 79
54 233
239 15
44 192
7 183
56 29
244 119
113 63
210 181
254 188
27 115
27 30
63 219
25 208
238 95
44 119
175 99
97 158
114 141
94 121
69 150
150 57
13 7
120 223
188 119
155 215
234 183
246 41
146 15
250 129
110 38
248 29
137 89
187 252
231 25
117 44
175 12
101 188
19 222
156 208
85 55
167 63
238 157
104 129
172 98
2 27
137 250
56 18
84 244
14 59
13 132
103 189
144 204
121 163
170 21
115 255
77 27
62 59
184 167
188 101
9 190
128 146
185 184
165 13
172 179
72 186
55 175
119 199
123 240
107 38
6 222
37 83
249 100
142 178
11 75
23 20
9 151
167 194
79 76
207 252
255 23
182 55
198 45
254 66
29 105
104 35
72 141
118 65
241 5
243 252
80 10
17 89
161 184
28 241
4 235
237 3
3 163
58 201
208 57
11 237
162 115
17 234
1 135
44 242
140 31
239 220
42 0
54 203
184 82
188 188
61 169
191 64
76 250
10 28
51 21
10 213
137 27
192 138
162 236
124 47
11 107
11 53
107 65
1 35
147 189
223 209
103 159
17 179
153 27
208 204
49 218
161 186
245 97
68 151
77 192
198 89
44 210
142 151
19 143
187 167
77 154
120 180
57 137
103 210
165 55
158 214
17 64
144 6
161 212
158 239
148 100
72 192
54 214
88 74
102 19
241 179
173 105
103 231
242 206
185 151
6 88
109 23
152 253
30 57
209 188
40 102
32 112
38 87
71 126
161 173
145 146
96 63
251 199
38 237
149 223
133 155
55 242
179 207
240 209
9 193
141 49
39 173
162 78
4 233
204 165
150 94
55 246
157 50
189 195
32 82
162 165
238 218
151 161
169 135
114 178
73 255
228 112
172 134
190 177
111 139
86 5
233 142
251 134
192 184
73 224
10 235
133 248
197 29
153 111
164 11
33 237
10 5
94 183
139 28
104 250
167 190
255 144
76 250
22 13
178 95
237 189
75 115
181 16
144 79
127 52
90 161
34 101
166 128
28 50
156 132
44 68
66 44
212 143
38 235
156 217
74 137
150 149
252 75
166 140
154 37
193 245
198 227
90 109
99 118
159 255
250 203
67 60
247 24
203 30
3 103
247 77
241 141
227 237
216 137
122 115
174 59
104 117
30 194
226 129
56 129
128 50
76 196
110 68
220 58
98 223
161 89
44 146
230 15
128 190
152 250
49 71
53 153
188 83
91 158
212 147
31 84
197 107
24 52
175 244
110 17
211 15
106 0
162 80
15 34
15 168
28 64
239 81
218 171
164 53
73 120
201 104
204 142
211 229
194 131
217 48
148 173
64 255
173 226
79 188
4 94
100 32
159 83
113 121
254 21
174 71
141 119
175 89
6 131
62 200
6 24
249 154
197 57
153 114
27 233
46 31
71 147
63 230
230 176
95 229
197 14
44 82
133 220
171 139
95 234
84 101
2 77
255 199
134 153
57 161
130 103
192 201
250 255
176 225
175 15
198 116
29 242
198 163
206 113
46 45
91 130
146 93
207 146
36 85
43 93
246 173
197 182
118 191
181 38
160 100
54 102
216 83
89 158
246 39
16 37
85 107
167 231
201 119
121 237
204 164
75 195
81 16
121 200
207 47
238 112
147 36
214 108
120 47
10 110
87 26
147 172
134 59
147 79
178 13
60 126
177 135
65 3
151 187
203 103
234 185
215 125
222 173
233 86
221 244
196 52
14 88
224 148
147 115
227 69
128 32
195 50
167 5
53 63
192 0
166 170
185 125
39 151
42 17
237 7
5 178
59 19
10 27
168 157
143 139
226 15
171 165
65 83
170 118
146 106
118 56
20 48
181 60
199 223
77 181
231 82
103 34
101 113
62 13
14 205
153 240
220 68
149 30
151 64
148 41
170 11
97 191
59 22
251 2
246 72
183 221
154 30
255 255
143 61
13 157
10 166
141 231
234 35
5 130
99 153
171 13
164 13
204 223
35 199
226 25
15 153
246 169
184 246
169 71
51 182
229 62
92 114
37 70
149 42
200 248
195 116
6 104
129 210
71 164
154 41
190 169
195 180
83 123
170 252
194 222
178 167
28 14
26 65
84 175
107 29
168 46
145 174
150 18
128 222
182 26
7 116
196 202
41 23
69 211
19 8
177 197
175 205
211 201
14 39
121 121
68 33
168 213
207 62
231 79
28 158
106 36
18 46
238 59
69 52
15 88
60 192
29 235
142 240
181 156
23 46
22 92
79 190
49 30
252 25
109 25
183 215
61 201
5 43
5 74
95 20
162 155
212 191
135 98
175 60
255 199
106 21
35 185
211 84
215 207
109 68
232 36
28 37
238 33
81 243
108 176
7 14
76 219
206 211
62 125
15 61
68 121
82 103
50 37
188 9
244 41
77 221
78 105
2 60
139 83
47 247
4 54
5 80
17 211
35 79
81 50
140 149
171 222
253 221
3 185
230 248
226 51
213 48
157 215
108 40
43 155
31 47
209 36
127 227
248 162
50 73
212 191
222 127
157 219
92 161
148 66
153 119
117 110
167 18
69 20
58 112
175 89
159 129
126 30
100 118
192 150
191 148
85 157
19 243
121 111
148 13
177 45
132 39
155 44
57 224
64 116
81 239
205 240
112 75
15 212
193 207
107 128
100 192
30 119
179 151
231 71
164 152
116 41
191 15
85 249
240 149
109 65
132 58
49 245
134 64
201 71
16 52
200 116
245 230
235 168
125 210
240 33
107 100
74 42
116 159
35 100
52 144
165 185
203 214
174 81
23 119
152 39
172 96
155 161
70 134
73 195
89 57
229 196
158 47
238 18
207 18
118 3
162 27
188 109
241 106
190 8
226 87
47 142
183 202
47 254
81 120
193 170
178 166
110 80
214 92
98 165
110 216
168 17
243 101
126 228
207 61
237 177
148 28
63 75
231 110
73 56
231 11
226 153
177 80
233 135
172 75
44 27
35 213
44 22
58 170
250 9
231 231
187 123
4 250
199 235
105 16
35 80
27 5
233 205
85 210
84 1
29 129
28 64
86 72
86 144
243 80
153 218
56 84
86 60
79 29
39 184
45 74
8 73
79 241
22 164
195 106
165 224
235 194
32 65
10 118
209 253
198 107
216 254
191 46
58 14
75 97
198 120
171 206
193 250
191 215
158 130
66 68
98 45
6 130
111 16
248 64
14 191
171 230
189 107
20 248
121 95
89 64
215 5
14 153
255 206
112 158
80 178
226 179
224 232
53 79
248 46
143 6
237 59
236 170
166 0
162 31
95 252
95 55
1 110
208 0
60 64
158 140
243 128
63 211
104 117
34 97
163 177
103 144
236 84
58 146
84 221
178 180
217 17
235 218
127 187
218 187
251 121
72 238
249 135
193 98
252 227
195 159
149 42
47 129
126 106
20 211
71 198
135 32
215 114
250 87
45 212
18 40
77 90
23 71
226 216
169 222
188 108
126 81
150 173
210 21
23 230
232 94
172 111
126 132
225 120
219 14
77 237
54 154
72 77
225 42
38 138
8 226
246 134
51 141
52 5
162 75
236 138
170 152
249 40
28 218
161 247
232 238
229 30
136 45
108 106
87 146
244 95
116 235
230 167
120 26
172 26
101 152
164 15
49 157
56 77
119 217
69 95
199 42
125 79
87 233
185 174
123 174
13 239
153 243
150 17
13 67
43 115
219 207
130 12
108 186
90 227
147 159
66 90
201 191
170 32
169 99
206 36
17 219
20 170
207 170
187 220
237 230
79 201
181 210
213 33
140 47
4 32
206 70
122 151
6 36
183 175
136 133
211 153
97 231
68 48
146 255
12 127
230 92
72 155
46 30
189 186
77 193
218 28
8 85
179 14
121 107
189 1
240 144
155 81
120 223
129 10
222 142
137 196
234 210
96 24
240 29
210 61
222 173
89 230
2 13
244 123
120 177
125 104
66 24
186 186
247 59
196 213
201 77
154 179
31 250
203 15
23 158
77 245
75 166
220 77
179 208
200 43
130 69
148 196
93 78
126 84
137 66
42 83
143 196
6 175
190 210
190 213
112 11
202 187
178 166
8 101
119 208
145 249
22 37
189 115
115 59
200 252
125 242
79 12
182 86
187 116
40 122
73 152
133 19
83 55
186 91
157 49
43 46
42 65
83 231
181 198
34 125
194 159
111 18
171 37
104 103
153 144
225 226
40 102
245 123
158 175
214 59
224 1
105 10
67 188
241 248
130 19
117 68
178 228
86 94
9 190
197 162
78 166
132 118
12 121
241 170
41 199
229 9
201 78
20 12
10 5
4 140
25 121
209 203
93 39
41 102
230 238
8 52
148 140
171 161
5 156
75 46
100 49
56 45
127 76
57 138
81 61
22 106
182 231
54 19
15 95
121 245
78 129
41 226
13 212
131 18
113 207
65 213
0 121
2 127
197 59
9 22
120 32
129 46
7 183
65 22
22 186
11 100
59 53
71 72
9 202
90 122
153 155
79 153
20 81
25 217
140 34
240 4
66 113
50 74
40 115
96 62
45 108
163 104
161 234
176 170
180 11
37 78
166 116
231 187
198 0
148 82
35 132
87 101
245 137
175 29
253 16
92 42
124 255
147 29
233 67
199 157
78 236
235 245
97 211
176 39
211 68
121 246
201 208
92 190
90 11
220 87
27 56
129 151
55 20
180 32
88 124
189 166
104 169
155 201
124 75
240 79
144 106
70 89
58 162
23 148
173 243
235 201
43 109
96 98
129 21
130 217
145 64
128 249
233 27
195 101
103 179
180 247
29 250
80 88
156 103
236 74
91 216
19 134
69 115
233 198
136 107
160 25
171 32
19 148
59 214
249 162
137 174
153 167
168 233
255 69
81 235
143 172
195 162
50 8
21 27
207 158
135 111
183 50
143 202
199 202
160 192
109 42
110 6
209 23
240 208
92 65
187 235
237 127
141 31
135 162
59 86
64 194
197 248
244 84
194 187
31 99
124 140
141 234
146 94
1 130
46 93
195 233
72 176
104 213
208 240
120 11
70 184
205 12
176 193
96 115
125 127
214 249
11 99
227 158
193 229
32 239
66 228
216 139
148 65
96 100
49 216
111 119
145 60
131 65
254 228
180 123
99 138
116 111
237 87
13 174
60 45
157 127
17 118
10 166
183 106
10 232
67 122
95 212
182 227
21 180
199 202
47 42
84 163
153 66
251 166
240 55
212 142
182 229
4 192
139 187
43 150
163 110
16 2
66 198
229 87
123 172
33 170
215 118
78 112
184 73
23 168
128 235
54 55
208 58
247 92
245 34
242 152
144 2
155 210
200 128
42 67
45 75
238 4
193 60
116 121
133 139
34 5
118 88
60 71
147 52
163 136
86 149
33 231
151 188
185 95
60 227
163 105
47 145
109 240
205 226
106 82
109 140
87 228
228 148
43 119
200 206
0 30
99 33
5 250
221 191
89 25
162 252
131 209
141 240
194 90
210 44
172 64
184 4
36 156
152 79
20 96
29 20
126 128
53 132
122 18
67 211
43 229
208 174
183 93
159 121
184 113
165 100
177 93
104 213
249 0
36 13
96 65
33 223
193 86
99 59
104 166
15 148
139 223
66 66
60 225
187 244
83 96
89 4
189 193
218 183
194 254
196 34
64 230
1 1
60 100
61 165
10 76
57 150
43 123
216 103
93 148
92 176
244 181
180 178
118 142
105 56
141 45
91 205
19 92
206 80
193 11
245 203
87 46
97 130
169 58
234 6
206 70
182 194
251 107
116 113
249 221
170 134
11 5
83 30
97 34
110 34
45 99
238 133
145 79
7 59
137 241
65 87
55 248
26 50
99 142
164 92
108 78
227 119
83 54
149 180
88 4
215 134
103 197
11 249
20 18
52 158
4 117
245 59
109 15
110 208
158 18
45 10
96 16
129 179
70 22
103 159
26 62
37 130
3 48
123 24
66 175
182 70
36 171
130 146
187 240
98 89
2 143
99 98
159 228
21 230
250 124
133 21
187 170
151 190
218 18
214 28
193 140
99 229
56 229
119 243
213 218
76 215
105 175
57 9
147 78
239 141
202 116
162 133
30 57
68 248
75 26
20 12
167 119
242 223
92 105
210 49
67 30
8 173
205 65
182 96
143 165
237 90
25 144
223 55
201 35
47 21
62 67
33 229
187 19
196 23
125 150
73 192
180 81
109 129
147 35
225 34
200 206
124 225
94 92
24 40
127 71
61 189
139 94
162 70
114 102
93 239
252 166
175 176
248 29
49 139
64 18
173 9
225 42
234 63
134 3
103 5
74 164
195 213
3 101
27 117
204 121
100 200
31 19
121 23
48 170
162 113
189 80
122 158
122 100
221 0
103 69
5 178
233 200
135 236
46 163
97 250
28 197
194 59
217 59
83 9
230 245
122 163
69 244
65 191
89 30
191 192
99 197
114 77
141 250
57 187
157 155
181 185
96 120
244 57
179 71
67 153
61 189
60 130
178 125
66 11
156 1
203 255
198 62
76 84
56 134
15 213
33 197
142 129
61 130
187 240
202 254
138 7
187 198
137 109
68 203
120 224
205 68
223 147
130 44
231 186
178 247
143 211
188 29
84 249
159 15
233 105
13 115
112 201
58 250
54 126
197 175
94 146
243 61
38 117
105 13
47 27
4 190
238 192
219 67
185 122
82 163
228 96
22 84
41 80
78 95
206 20
14 44
166 1
106 204
118 211
218 165
239 222
99 221
159 62
32 88
185 115
251 157
211 18
241 252
98 64
91 49
84 106
93 250
107 199
199 226
155 161
135 138
127 235
103 30
41 136
119 226
251 114
127 206
132 113
