1200 9600
981 198
275 423
128 170
419 1101
63 942
607 944
340 989
914 556
651 552
935 860
634 518
64 155
18 402
1109 608
609 262
242 390
812 869
1165 940
1039 385
1194 255
479 953
351 819
742 65
528 194
970 615
206 404
1133 622
559 303
1024 469
911 785
1083 1153
1176 695
822 1141
787 1014
678 1133
421 1157
886 772
777 429
1190 457
975 960
1072 1181
164 1005
604 1075
108 780
344 1019
366 227
125 342
74 99
635 862
1113 114
795 686
423 482
259 352
63 249
809 1038
361 681
1019 877
838 775
752 98
356 249
1118 1074
828 395
568 903
846 3
565 1112
469 512
598 893
146 857
45 209
258 855
47 619
688 219
648 679
994 201
777 502
450 1047
376 78
242 96
133 1089
452 1050
1001 921
363 399
966 861
409 164
1071 1019
171 270
791 859
489 239
338 636
440 268
1138 42
115 667
473 710
763 606
951 15
457 752
89 1172
303 1055
833 1064
371 1056
884 542
127 475
202 616
714 892
52 307
312 343
349 428
162 1174
1138 925
581 889
93 190
793 534
514 248
741 147
465 1113
356 149
455 483
976 1009
251 842
1054 656
301 166
999 651
594 313
977 884
38 358
925 483
900 518
169 214
1119 911
714 384
824 1070
885 431
353 1013
241 956
655 447
412 957
613 563
760 360
876 537
44 67
48 970
550 100
640 1072
315 911
783 181
95 759
51 132
342 756
1145 583
512 953
182 77
710 796
640 622
308 317
311 352
384 359
474 86
812 267
1158 1127
1178 1093
460 426
652 511
910 995
419 856
730 83
609 65
160 471
861 801
1093 1169
270 204
673 1006
916 300
244 528
567 203
807 897
448 419
475 253
82 186
400 501
194 282
584 803
347 1097
426 360
1050 319
681 120
875 155
1126 943
807 522
623 526
725 582
223 326
1001 1051
579 1083
37 979
384 231
61 121
186 409
370 612
769 220
83 251
340 110
758 618
1054 365
1140 477
891 1018
1060 266
144 13
117 723
1097 506
854 633
1089 915
754 427
476 1124
191 46
496 274
649 836
385 207
606 591
572 899
220 615
1069 432
881 365
446 151
240 343
1009 1094
976 899
1161 883
478 438
807 670
484 104
96 1133
92 481
492 1051
224 216
1102 445
1183 971
877 864
136 123
167 728
818 1177
622 595
28 583
278 858
1021 237
328 657
693 425
942 786
58 234
989 635
802 891
1080 785
1014 1109
802 1150
385 969
678 3
98 452
598 478
1035 28
489 9
266 817
666 959
394 761
897 805
147 686
240 950
729 472
535 543
381 489
845 766
611 675
770 709
1127 520
340 115
549 829
476 815
798 294
926 345
1055 624
1150 3
462 542
953 1192
1014 640
535 195
1130 181
114 541
856 36
402 1136
556 1094
51 257
1075 527
224 674
1173 1151
171 1029
927 121
1032 189
1015 1137
181 829
577 1069
176 507
402 290
200 410
326 603
346 35
497 749
292 725
428 517
551 402
820 722
231 547
1195 415
736 1010
352 70
639 929
291 815
589 693
258 789
1103 936
544 602
971 1042
151 416
567 580
933 1118
134 553
992 365
252 987
780 988
797 284
210 588
13 501
555 954
346 813
544 250
550 1088
852 673
82 155
1089 1001
1087 1174
919 21
879 1063
386 1131
850 318
920 799
602 282
187 968
1136 1095
722 282
708 66
884 410
307 888
236 389
1044 125
191 931
100 262
953 979
126 491
911 128
1162 983
928 916
417 267
684 353
162 559
988 23
977 672
785 84
361 1021
826 205
299 169
288 751
783 393
530 61
37 593
190 1199
728 270
915 298
537 752
1003 1052
463 791
227 240
264 1012
677 625
1186 303
1182 637
824 270
188 407
664 1070
821 701
816 1011
1052 696
433 1119
994 122
1023 798
1174 286
389 553
527 1005
718 356
430 1056
1011 764
493 635
1035 681
194 851
551 1015
704 167
1178 908
864 411
827 1010
534 1003
608 860
89 150
214 968
1155 932
124 738
788 287
302 433
922 489
1114 269
492 465
84 348
985 415
56 649
826 36
811 512
1039 572
173 1128
1074 739
49 1029
823 525
919 763
813 374
1196 887
15 1110
1156 508
375 393
856 512
808 913
313 786
101 1125
99 1140
497 272
220 371
1011 269
552 634
795 624
197 760
998 193
447 1013
455 404
673 1182
1149 330
495 757
395 808
695 496
733 794
436 382
1066 656
1105 29
78 458
1015 873
234 364
785 32
909 32
197 164
788 871
147 737
353 994
646 1100
954 494
396 840
88 1184
22 307
992 1128
688 1070
738 504
1095 972
20 680
156 930
1065 353
246 653
376 745
543 1081
539 341
981 294
835 177
1134 76
513 308
383 306
588 223
528 126
727 776
250 748
256 406
830 473
1112 1076
279 640
974 1174
522 313
315 303
959 303
833 45
731 498
354 266
804 942
489 485
221 17
61 471
1117 669
30 1099
1143 1142
127 222
934 1101
548 256
567 863
912 326
318 897
372 201
195 1078
467 152
820 957
637 193
126 1050
665 395
871 695
294 814
989 773
188 1075
675 736
484 42
752 196
720 222
1093 244
424 440
122 43
592 95
1000 381
288 278
231 953
673 1103
800 119
1069 941
45 410
817 720
298 101
1114 202
649 634
425 894
879 1
134 1001
396 727
1096 549
260 185
827 844
290 653
747 243
1124 968
1184 1169
530 1153
1041 829
406 955
1031 1055
742 608
1101 421
961 36
574 158
1115 823
707 175
160 686
1019 802
139 918
1045 416
1039 182
385 369
135 227
1198 542
334 182
749 1076
1142 651
297 904
1039 24
214 954
847 73
281 159
759 453
961 51
523 807
467 362
989 4
732 276
583 1082
1170 918
416 720
1146 359
523 596
63 362
620 629
468 619
702 749
778 613
354 891
664 878
850 283
392 639
640 276
68 375
159 38
445 927
758 392
86 433
988 501
795 760
1130 63
179 632
1165 109
398 319
152 1062
349 1003
498 742
794 290
1018 862
665 329
901 1111
57 811
303 143
397 443
645 1192
3 927
408 534
712 725
995 1110
1044 1147
124 194
950 622
88 897
64 1106
559 730
588 612
993 645
576 448
1140 973
891 937
117 46
665 877
580 177
402 375
439 247
674 563
793 777
338 33
474 402
291 185
1132 879
1150 77
676 526
525 617
651 216
354 1120
614 171
798 1194
700 0
721 1139
599 548
503 544
125 841
577 599
395 869
1136 680
548 1086
757 25
764 83
994 215
651 500
136 66
672 86
412 172
86 1134
112 686
482 967
382 959
960 960
710 155
981 646
835 329
533 745
706 97
1180 852
665 631
153 1153
1049 825
39 262
149 125
548 613
1163 182
380 346
293 492
458 1003
648 239
449 635
920 134
532 779
584 512
431 49
296 584
2 145
561 41
759 711
518 459
476 482
993 857
1180 86
501 438
1089 1149
677 691
937 397
1177 269
1176 561
1134 760
962 230
496 964
375 1058
157 287
921 676
746 197
310 540
206 642
978 708
232 868
1009 909
711 1098
458 688
520 787
402 454
699 164
684 1195
1129 211
205 438
850 1126
266 397
476 576
89 1034
370 219
542 602
239 704
663 950
602 274
791 274
1061 1193
728 912
157 564
907 438
776 1113
877 426
191 1143
1175 667
872 416
854 42
636 196
997 875
52 460
978 1007
734 569
81 947
914 810
659 1071
174 719
662 102
632 339
881 823
634 856
643 658
425 297
1053 1061
845 850
1088 50
462 866
1057 1197
587 1138
96 301
1100 756
525 427
275 1187
529 59
678 210
34 464
219 1029
1123 644
126 976
857 124
978 1097
174 240
1116 383
589 503
321 686
1157 574
594 482
1001 21
821 682
80 299
893 466
763 264
296 1038
60 774
814 917
898 944
1166 224
1185 1082
607 574
386 81
412 343
655 1006
1177 808
1027 798
290 259
249 335
726 1012
951 1022
851 1011
948 817
1080 647
562 1047
23 899
929 631
273 115
1064 1038
810 871
844 1139
479 1024
737 1121
83 138
609 1161
303 360
135 1154
172 1084
1123 52
883 837
1099 906
536 1181
689 1162
96 553
1000 59
224 996
350 1055
820 240
129 56
378 738
369 681
250 505
987 774
389 911
1179 72
548 230
130 237
211 820
551 660
525 351
719 750
499 1069
957 120
109 238
528 840
128 897
321 379
202 109
1153 943
1020 1132
167 720
163 650
109 374
270 660
186 795
163 905
697 663
1127 807
1135 388
1045 463
28 1174
512 350
705 1067
811 658
1162 983
943 130
855 258
780 965
984 202
777 1171
149 941
28 1199
756 1155
806 691
696 651
306 1076
977 1170
578 482
1037 189
293 1000
1172 388
282 828
646 214
945 782
768 522
753 917
615 782
916 171
1089 522
14 937
326 672
814 455
643 192
90 832
734 383
984 706
771 66
686 569
632 783
151 200
458 57
270 1073
1191 1186
397 232
861 763
1170 339
236 1136
1146 879
480 36
863 14
771 648
1073 694
714 911
63 499
495 567
699 953
976 121
1178 967
460 727
351 473
291 673
812 527
609 1110
558 242
1147 221
256 718
869 481
213 736
193 628
35 1040
347 1086
1145 475
8 275
242 468
1003 946
941 94
419 905
973 1029
815 331
71 1114
904 679
985 574
1161 350
462 506
130 849
698 478
735 643
953 1095
70 348
715 1073
94 808
319 513
865 92
694 833
775 1117
747 480
597 532
1054 910
34 668
568 165
317 66
995 204
1061 748
100 1131
248 1167
157 694
776 476
360 441
921 1054
74 496
124 1174
976 721
858 1182
783 893
650 151
1058 967
569 853
324 782
753 424
1065 154
391 22
848 319
851 8
761 572
215 1187
1068 339
313 1197
212 1172
1179 995
17 982
298 227
1101 19
232 225
801 985
649 666
1139 193
1041 1140
512 692
1148 425
416 163
765 284
502 1078
633 1066
202 613
861 219
395 311
446 296
682 678
522 283
816 323
102 1107
516 1143
1047 181
987 148
958 203
311 523
839 1166
754 273
1032 956
886 1046
328 433
509 1126
729 1192
605 403
627 573
727 729
480 395
1024 680
928 811
828 687
1014 291
362 654
609 1116
79 794
25 965
992 353
550 301
279 431
645 36
835 73
609 714
1154 242
1109 979
74 1190
590 54
677 405
345 1039
211 955
956 642
901 981
407 693
486 109
146 765
540 792
802 175
865 563
889 819
1157 1151
950 31
1141 341
85 970
1098 431
809 461
538 917
1103 591
1050 662
84 336
771 230
254 111
1022 208
639 1039
771 680
1011 729
983 761
1112 924
1102 1198
1046 152
781 1008
613 471
1077 868
1062 928
330 1146
416 1101
528 1022
365 351
30 1004
542 802
836 353
683 620
267 595
696 521
945 543
674 526
351 439
997 228
108 11
308 790
1157 1077
1044 486
899 209
1189 930
365 883
884 1
37 719
973 656
114 470
1177 212
165 1003
738 516
595 888
1096 703
899 557
645 9
434 489
847 133
698 836
215 215
871 251
569 908
970 342
716 237
812 1046
449 977
849 339
645 244
27 894
99 79
251 745
88 685
34 935
1170 1085
923 538
100 594
789 1021
655 912
164 523
301 128
369 1102
258 371
241 903
967 621
949 219
700 0
964 1140
1037 150
27 1008
387 950
346 840
696 287
661 503
351 825
179 652
106 548
554 364
919 796
419 687
569 169
906 69
521 1022
9 359
324 36
167 1064
138 865
704 1186
304 517
842 656
495 1021
460 601
721 1015
965 441
963 536
280 332
705 338
753 27
512 762
738 1188
1150 57
1052 88
922 908
426 378
226 68
186 721
241 647
474 963
814 591
556 577
1127 836
61 985
326 814
164 838
728 902
1178 1030
959 1031
270 1033
1091 696
211 469
1117 398
342 158
197 816
273 1011
207 829
740 487
817 801
624 1143
767 788
1133 647
842 264
477 953
95 747
1138 338
595 501
808 512
51 1150
1023 248
1119 96
59 478
926 799
117 543
752 741
839 319
681 1124
966 675
188 595
428 635
142 366
974 738
20 934
402 71
36 225
320 1155
322 379
434 400
331 551
95 1083
445 86
203 1126
11 321
602 551
917 182
1187 1059
901 113
949 921
199 152
992 235
377 112
191 1051
844 977
603 1175
328 699
1058 1125
785 413
1052 1148
735 806
500 452
988 839
663 689
104 765
410 303
917 555
538 446
667 1081
650 311
858 53
638 339
752 497
264 690
910 116
990 445
922 290
49 1063
281 1065
552 385
630 115
1040 347
670 379
1145 489
260 595
1153 1119
649 591
258 553
240 874
43 1151
991 1034
748 1065
476 1150
928 1110
1015 633
295 797
1100 136
1144 922
867 241
211 1127
837 516
198 286
1108 808
1191 500
483 35
451 626
221 352
843 1049
302 572
959 469
5 55
66 1105
543 362
1179 562
603 190
489 592
1059 1040
30 119
1000 22
619 635
409 223
61 630
575 905
479 29
629 591
850 986
646 68
43 341
430 22
903 185
564 544
1130 423
736 1160
542 537
1182 1162
1172 743
185 386
173 1112
443 1005
1141 224
396 1143
10 194
11 405
887 793
427 942
978 991
286 60
215 1023
21 1109
712 355
1071 1036
1099 408
574 424
320 1017
581 613
393 129
556 403
675 567
808 362
160 387
104 291
179 743
351 746
918 724
1007 430
1080 879
618 131
87 1193
907 760
162 289
173 556
418 730
111 246
449 72
608 962
459 1065
405 990
608 1108
888 678
633 696
260 865
727 878
148 1166
23 1055
726 538
144 900
246 915
782 357
1161 383
429 921
145 41
1138 902
1031 898
811 1072
376 596
568 636
261 95
667 761
61 690
616 788
380 1113
840 626
828 774
984 1141
1157 565
14 455
958 1153
157 790
3 968
1014 380
716 382
168 129
829 835
890 42
678 307
1182 1058
220 822
485 200
396 621
141 706
338 507
1161 97
812 118
39 816
239 1053
1196 955
235 164
1085 216
152 1127
258 830
234 241
688 806
215 325
1006 964
946 299
470 85
807 783
182 771
901 573
387 292
426 735
400 1013
900 637
29 204
564 639
1034 799
880 522
757 248
848 564
12 946
863 834
183 822
417 365
746 470
90 1133
763 516
669 1163
329 721
600 710
925 316
150 1111
267 182
433 1025
782 433
389 1146
180 404
780 363
379 349
1081 1125
820 323
210 735
840 879
1050 321
752 802
184 829
1118 686
740 186
868 326
11 803
1111 752
749 443
1156 330
1159 687
679 192
612 651
515 1175
186 155
6 388
829 759
1190 1013
740 1109
499 633
447 519
959 458
122 870
362 872
114 318
354 73
158 185
265 1122
837 1132
1097 175
88 1104
564 917
1015 554
730 555
815 381
1188 62
900 99
872 1023
122 386
1047 588
1057 553
1013 15
738 430
1137 727
362 1035
903 450
91 267
519 1106
1173 401
461 1141
782 802
355 835
901 380
1010 175
766 857
763 623
562 576
638 100
1006 928
828 169
763 883
971 854
302 291
760 275
1044 373
568 627
327 924
262 381
104 424
556 870
81 120
294 643
696 84
1095 503
1012 1075
1024 927
758 795
933 1060
238 845
488 83
19 1056
1062 698
780 476
1079 884
900 436
907 981
556 353
776 404
437 1023
59 602
899 1083
329 457
1031 63
318 69
908 1158
504 79
1014 366
778 595
842 657
631 542
1093 338
675 801
691 603
358 281
427 417
883 126
653 12
583 836
427 53
905 136
11 562
567 1026
928 145
773 571
1155 556
265 1048
47 941
1002 738
344 160
171 771
929 206
897 734
571 633
370 998
1038 428
286 202
990 854
380 718
151 1153
441 106
509 707
307 556
448 109
447 1144
621 970
716 702
1177 765
237 548
198 607
698 389
187 985
591 1177
639 971
1048 790
76 641
897 937
148 4
646 948
465 245
893 238
15 761
940 344
326 329
892 877
89 391
66 276
528 1009
606 319
780 806
1109 8
247 1158
945 748
314 391
496 1131
636 541
169 1004
102 262
148 429
591 193
458 680
584 524
109 264
685 715
583 265
321 844
273 920
1155 370
468 269
762 965
553 550
306 1074
354 761
136 503
342 1080
696 800
912 432
476 1021
696 1161
888 79
226 361
923 851
82 878
373 550
300 1135
667 5
838 126
1079 1192
887 368
847 29
600 695
829 664
1127 105
838 975
418 526
206 996
40 282
647 474
312 1020
1024 964
108 844
969 946
970 1
90 1009
721 938
190 121
433 171
785 713
628 423
488 1046
102 695
842 494
129 641
968 441
813 792
206 921
788 1175
1019 558
328 1110
719 1049
0 909
1170 785
1080 1108
298 860
683 1139
706 1137
986 348
431 1115
989 199
356 603
144 562
676 932
890 848
643 18
1110 162
1068 262
224 190
1047 456
450 146
117 286
85 823
223 1071
324 655
138 465
6 494
220 150
209 49
235 251
897 878
621 807
192 841
1069 768
1032 68
377 634
214 494
920 651
469 296
874 1145
103 164
411 109
659 631
612 20
680 847
271 729
877 892
688 221
534 909
990 718
978 167
504 344
1013 225
996 634
873 1022
580 976
1187 991
1085 998
774 849
1018 607
496 441
136 525
485 825
747 171
534 889
889 312
208 194
657 21
771 805
1007 796
979 387
572 118
178 809
268 105
459 438
712 107
879 848
633 165
473 532
336 160
221 378
824 429
924 281
802 847
238 609
443 370
149 1015
488 679
976 1109
784 235
347 296
695 27
297 128
544 1122
1012 32
82 33
762 907
814 486
340 768
485 931
529 928
453 678
1095 93
158 872
2 942
259 350
391 954
377 688
234 73
610 46
457 1045
431 20
752 45
858 244
1165 144
327 495
1072 780
1173 120
874 483
144 876
578 403
26 969
510 755
809 1096
828 219
295 438
416 726
458 320
1124 116
565 241
260 892
736 485
473 1062
957 499
345 1101
175 923
656 202
1044 318
957 653
215 938
25 862
176 441
740 986
762 664
1102 127
906 515
171 794
152 996
656 261
295 154
162 823
229 1170
1025 74
289 1134
727 856
24 752
518 552
346 410
338 1108
1075 593
387 1133
1108 558
1079 412
707 536
673 154
1042 1187
977 71
1157 1154
145 598
1089 25
254 265
1129 1124
818 275
335 1156
183 562
901 570
847 809
281 726
373 140
414 198
294 256
185 72
680 495
26 825
1093 267
2 500
533 1132
776 503
207 263
459 743
1177 161
465 824
122 746
703 848
886 1117
1046 333
526 384
757 6
879 1135
1183 772
203 1186
424 1088
270 1
391 829
264 2
372 242
515 838
218 990
736 921
990 775
1191 1188
1108 869
372 665
875 51
600 10
1176 1155
348 752
195 618
753 938
248 170
941 972
764 608
610 982
750 499
1056 540
74 1047
529 1182
1068 53
999 743
457 751
753 433
1059 254
337 54
872 243
993 272
413 1086
45 1177
846 1007
111 397
306 319
89 380
518 970
714 386
1024 513
1129 281
417 1035
1066 276
89 203
682 113
446 475
386 11
713 783
340 712
590 804
261 897
1123 350
429 442
473 1144
828 297
809 1110
930 378
97 1148
654 538
503 137
651 950
964 189
113 830
972 454
342 715
58 955
764 1181
457 1193
775 930
289 404
379 1099
666 461
277 1115
409 84
453 913
573 256
1015 337
798 1128
319 570
734 1013
437 792
768 1
1126 26
1195 1053
108 284
609 488
535 75
949 1165
1190 511
401 795
224 974
1052 39
463 650
319 783
372 1054
948 810
998 517
811 76
895 1158
1130 1003
595 539
291 1130
615 393
247 957
904 648
553 280
422 405
319 38
207 990
821 931
844 569
541 643
238 505
719 1133
463 1001
937 1058
341 380
141 108
1125 740
1065 829
189 770
1109 963
327 580
1001 534
371 974
266 367
696 1159
162 934
464 34
20 80
1035 109
1138 176
489 431
284 415
1172 502
396 513
72 658
276 400
390 430
934 1113
204 352
281 52
312 443
987 1128
477 159
8 313
268 1147
841 757
730 278
324 702
780 1073
367 852
883 644
52 73
226 139
1187 782
843 620
835 1155
1063 974
236 693
1133 244
158 201
543 999
110 74
77 787
1128 857
660 296
862 343
92 914
768 318
205 755
252 1049
175 1087
156 391
861 392
1084 1146
637 42
147 332
193 610
406 271
197 687
280 9
983 1142
352 227
9 1120
897 566
1028 1149
767 355
189 924
746 1050
468 982
149 257
1024 648
590 370
58 148
641 607
835 73
616 970
16 968
1197 377
41 894
943 1069
1196 511
224 185
587 123
387 207
1105 536
465 82
1185 207
452 395
355 1093
1003 343
318 419
113 334
540 111
711 933
157 807
802 153
118 178
690 1057
301 1078
64 559
414 881
641 751
1088 1093
1147 596
138 102
939 456
873 204
1143 565
315 1006
298 825
613 252
130 1083
783 821
940 236
699 157
795 265
1038 236
1017 79
481 116
675 619
218 766
228 243
970 171
809 438
329 1107
63 943
160 545
1178 943
166 919
331 17
228 1127
283 66
515 452
497 997
568 1172
768 1138
1090 148
181 861
319 990
99 649
50 514
744 562
1059 722
657 378
793 988
747 173
915 182
240 231
634 1089
380 2
1062 1148
292 952
97 474
965 768
616 1064
569 666
730 465
28 942
1188 1037
120 1133
826 19
107 541
202 699
1124 836
588 304
1191 802
605 635
907 702
1109 672
622 878
889 1192
344 419
809 725
161 797
562 633
1083 540
653 1190
1082 7
689 158
1195 429
815 338
32 220
974 91
74 35
763 696
913 804
1040 58
24 650
1135 537
599 849
323 482
190 128
824 424
135 313
582 130
1095 197
821 279
769 595
370 843
630 1133
692 344
738 532
754 1114
334 1041
803 934
690 1126
568 880
54 193
456 189
858 1039
672 753
388 293
1032 1158
40 202
801 670
488 293
166 378
1178 920
644 312
1113 247
398 604
174 119
636 228
312 1093
770 1170
84 594
1076 824
39 60
782 79
615 736
1101 1103
181 68
633 511
140 77
824 54
324 374
1010 498
493 446
1079 805
691 1001
1128 1127
747 156
1104 786
216 686
17 831
574 1118
1086 1108
338 519
419 831
948 395
885 73
770 695
923 415
293 1154
373 137
955 301
416 502
809 320
440 1025
159 457
1009 1085
728 47
993 218
567 213
1049 315
608 734
740 530
581 464
946 27
770 119
516 526
772 84
180 381
405 621
558 916
230 719
801 110
767 595
329 486
1160 178
1153 920
913 694
251 646
310 1197
673 1080
468 341
758 40
426 939
773 1183
712 131
899 94
3 852
205 770
247 534
408 559
712 361
280 777
207 883
224 517
880 49
750 500
743 308
540 1169
399 113
1152 263
596 3
358 599
855 563
521 255
249 929
814 113
91 246
891 650
1129 267
1168 1161
668 1070
461 211
178 153
532 930
618 836
1193 15
839 703
966 847
66 288
1102 667
17 1068
781 460
467 824
1111 748
1091 231
710 911
101 323
275 631
829 807
361 247
796 355
262 435
1058 29
82 277
317 336
96 686
205 877
299 672
853 562
220 1096
793 82
808 894
758 1083
677 387
1042 1039
634 638
546 49
226 756
78 308
185 747
997 282
585 354
311 884
178 1165
246 750
1061 1039
833 1021
1085 743
904 563
282 747
754 916
537 100
117 763
8 195
224 194
94 21
476 680
375 1139
716 553
1104 963
455 118
1154 440
291 192
1183 1196
1107 265
1095 661
334 432
1113 451
1196 1121
999 572
115 1093
593 943
925 120
883 442
1025 1139
205 280
409 511
721 701
703 1056
697 610
474 944
423 808
528 336
411 876
258 210
248 725
456 1193
469 181
113 152
975 1138
443 1180
571 853
844 444
354 347
300 203
110 774
1147 533
734 827
22 298
504 632
508 1104
157 116
1098 978
650 363
282 425
654 726
758 25
379 402
469 1085
1101 1121
88 11
696 387
897 582
14 919
880 870
351 541
1127 860
1009 177
639 459
540 921
37 1194
799 1147
19 1178
701 840
215 602
762 303
966 610
690 1015
344 1057
734 25
1079 237
566 1006
249 727
1183 888
1187 876
962 376
870 561
323 42
892 1024
34 1107
778 796
563 896
558 405
711 903
262 597
80 494
834 998
652 1084
525 988
1124 512
664 886
40 686
600 363
728 644
187 763
903 118
711 266
1014 422
672 526
125 86
275 205
580 262
3 385
146 880
173 422
545 1189
461 585
675 1061
949 556
857 288
119 560
406 1182
827 573
404 299
251 881
737 526
238 470
788 593
855 86
274 180
509 819
169 970
204 844
1183 1153
200 840
594 671
552 152
1006 179
725 210
830 976
244 368
655 482
838 243
1076 845
330 502
1025 1191
121 346
113 677
1190 448
983 543
440 377
366 992
529 172
1172 407
735 1154
183 131
322 838
613 312
234 841
309 916
495 486
907 616
832 1020
446 1175
620 229
518 1060
958 36
852 287
561 1176
1046 96
1131 382
227 605
20 1192
70 606
1186 379
322 481
866 29
250 498
201 696
473 821
925 143
681 683
532 686
122 1093
662 1169
341 945
351 568
351 723
912 421
482 50
1152 804
532 818
1186 782
469 187
278 94
161 355
590 1194
190 1122
680 664
1015 495
985 156
240 488
1076 591
12 1140
164 494
1191 117
450 523
87 436
457 556
976 1087
1003 1137
242 393
283 784
315 964
248 130
259 386
638 851
874 514
243 886
454 759
532 445
876 135
120 964
571 577
672 699
464 475
636 1058
20 72
642 335
1036 43
817 447
429 255
450 103
769 693
142 376
605 1026
1173 281
1161 94
397 885
671 222
384 288
1049 173
146 1070
245 1141
205 81
336 1023
880 1117
430 130
372 0
1176 514
728 581
693 701
14 654
795 764
339 619
986 724
907 835
897 205
705 1142
146 63
375 482
1086 407
751 668
889 1124
668 865
438 548
598 283
50 965
938 1197
529 429
968 315
305 675
302 354
881 1008
648 179
223 175
1014 461
582 565
1129 272
489 598
289 80
298 40
363 700
1005 453
698 686
883 466
153 340
294 455
695 327
615 143
506 838
671 672
99 53
390 29
677 879
979 119
111 429
511 475
1130 668
80 628
154 963
246 307
456 892
1114 1151
19 882
446 878
520 269
350 972
323 740
153 152
772 1132
623 883
713 1134
510 643
602 591
423 756
706 670
215 314
362 130
265 734
1012 1064
412 684
133 1114
808 808
1007 961
113 579
45 736
614 759
671 277
202 425
20 626
1182 1078
448 549
193 1162
1031 458
696 1195
674 260
1032 1160
175 640
1120 1182
402 33
913 799
1122 679
358 593
956 913
170 128
691 504
7 1139
1054 200
253 37
1010 950
33 485
10 1065
797 537
857 717
871 411
1103 936
11 1025
416 721
770 524
434 940
653 277
245 660
216 451
860 470
488 1022
572 521
307 934
738 256
272 396
126 295
807 29
32 1170
1054 448
692 624
124 278
716 1129
556 113
589 1124
564 601
746 1053
424 118
726 1083
205 617
140 477
165 266
772 972
647 1156
95 501
756 787
277 881
1065 145
810 773
259 552
698 823
1153 244
1028 729
715 555
965 920
324 257
549 489
875 473
613 322
782 708
1175 338
295 604
19 513
749 1182
86 1008
534 1136
984 839
533 812
721 48
519 486
120 843
743 1021
132 418
646 746
1092 228
254 1067
567 902
471 938
567 372
920 653
181 606
942 1165
246 275
1129 119
675 449
605 1147
92 500
968 577
70 414
475 314
995 1081
181 362
783 1004
452 502
528 173
1156 709
1131 50
1026 529
325 108
648 1000
557 405
947 1001
57 1067
730 127
633 5
793 428
1087 974
1142 1022
1130 395
325 459
920 633
320 851
683 499
181 160
607 829
1160 316
387 59
469 444
278 0
924 911
5 517
492 244
644 786
419 574
333 744
185 53
529 858
57 364
157 590
524 1116
571 836
232 958
47 701
203 325
1053 1127
388 1059
796 880
455 240
819 874
815 1152
770 152
358 99
1010 415
463 319
1005 139
587 376
975 1171
487 1022
1025 690
499 878
969 888
737 565
920 345
806 891
19 773
844 790
77 2
41 240
769 857
559 574
996 299
102 1124
270 589
98 95
431 598
974 200
638 863
1118 710
8 1076
402 380
1001 46
322 1078
400 363
118 1169
20 1030
895 169
129 997
93 751
739 543
847 1170
1141 621
523 931
636 793
794 645
669 1196
1025 470
394 147
700 794
862 1171
1115 35
1001 810
204 282
959 649
1033 850
1192 1032
1173 286
805 496
369 242
441 1163
887 1110
1159 1064
732 353
363 232
299 25
555 566
60 708
176 616
990 288
65 1176
290 410
160 263
696 966
1111 1065
8 352
181 895
262 140
1111 146
846 274
731 297
299 86
864 712
795 192
128 937
480 194
65 771
604 226
1034 452
1192 98
669 352
450 850
47 1065
143 310
11 989
584 742
438 35
1181 102
747 776
295 876
865 1127
222 931
1050 1178
309 37
430 301
135 251
653 585
1102 1052
450 45
162 462
186 1098
356 624
1133 689
727 681
265 174
709 283
101 931
14 1152
909 323
341 491
976 476
742 781
1061 996
985 312
193 299
1126 379
197 634
1004 130
124 883
1163 741
1057 1024
1024 310
755 190
614 816
865 955
459 641
231 354
574 445
150 359
1109 344
658 1035
1075 855
821 31
138 97
914 453
839 1123
278 1015
586 185
358 0
154 23
108 613
1017 339
967 391
784 270
751 1045
966 561
880 841
569 854
873 1059
951 939
312 942
15 942
1110 601
280 268
953 434
291 1061
1047 108
553 1167
852 489
589 755
335 355
116 367
348 685
21 21
544 125
113 9
1067 128
103 977
1081 383
397 834
817 689
1048 1017
1149 401
136 801
890 1077
356 25
232 825
745 932
662 766
106 359
891 219
368 1111
699 823
40 580
7 438
566 1176
279 414
145 580
815 281
534 858
158 42
35 742
867 780
475 330
699 581
689 742
800 209
653 651
1032 1046
31 191
636 597
168 915
164 313
647 131
947 1181
989 1105
24 177
1000 43
957 275
725 808
8 566
351 808
775 1004
611 960
2 642
1151 638
391 471
705 555
1137 153
687 884
486 828
1141 862
157 941
906 1115
368 783
1075 376
150 226
336 77
31 947
189 33
741 493
1024 1133
964 529
840 53
1034 679
937 321
660 31
1183 817
124 41
1084 845
1177 960
21 127
1186 710
556 369
809 746
755 351
39 579
636 1003
260 628
209 95
460 298
768 1120
329 751
1089 806
1145 974
451 274
1086 824
401 224
686 109
594 296
855 501
999 894
232 787
1050 492
215 59
939 1027
357 507
99 1039
411 1189
645 708
115 248
982 1
224 183
577 911
292 1171
359 300
824 158
1194 1056
97 196
701 664
255 440
492 965
948 591
1156 511
580 953
19 1047
1 1001
1048 225
336 778
288 980
1101 647
80 726
1157 427
934 54
623 435
719 31
876 11
148 976
954 104
287 687
1057 658
534 210
459 735
435 795
313 1076
575 214
523 1008
940 481
235 675
535 858
262 54
41 290
417 189
66 172
645 705
11 502
515 545
1064 974
80 652
921 393
528 297
608 1051
105 700
332 692
175 20
702 790
426 744
1080 844
85 299
168 731
1004 179
385 320
1076 250
446 1157
902 168
350 230
817 110
81 922
811 766
766 138
1138 268
928 364
1012 809
360 1098
1108 880
981 64
211 166
736 88
768 1183
45 470
151 747
700 968
858 1134
1042 469
1052 608
607 990
28 688
506 1041
297 867
91 205
547 224
621 759
390 158
847 1159
141 44
781 644
791 634
764 449
920 606
918 772
366 678
914 394
166 220
587 815
1087 1030
172 787
54 793
698 445
951 345
756 244
389 337
888 1180
971 452
782 691
210 500
615 928
330 681
475 848
902 1062
463 1141
45 635
1080 99
229 578
896 332
923 804
577 464
1142 617
797 65
222 379
1109 432
31 876
513 362
358 140
362 60
2 826
353 399
613 234
499 842
1164 195
327 40
1000 904
504 94
321 453
511 543
832 420
128 864
97 993
378 455
1133 740
867 287
718 372
687 132
958 1186
126 923
533 453
963 685
157 619
1131 831
1073 443
174 705
15 654
721 112
447 251
919 380
992 938
668 862
463 155
146 221
493 273
296 1026
1078 59
864 36
679 795
19 552
38 545
409 54
0 283
518 447
534 590
828 678
680 648
341 1143
803 487
517 448
1112 813
274 991
873 290
179 704
1086 198
408 276
743 817
330 743
1100 1
343 787
591 1171
265 423
619 606
367 574
246 884
1022 158
497 448
1149 522
739 480
26 977
678 786
53 574
404 736
117 656
737 460
243 480
783 509
903 554
267 70
1128 513
106 102
1024 956
551 125
278 442
606 657
219 84
243 272
1010 999
1008 1128
456 897
740 1051
177 676
712 1081
30 980
303 311
645 410
765 821
166 116
947 796
910 353
253 281
789 497
906 600
296 714
880 1104
764 772
108 941
248 820
1174 631
952 278
942 398
1040 507
19 358
976 118
1154 1038
471 560
120 413
209 1026
165 857
892 1045
762 456
969 870
550 18
842 524
649 595
1154 743
145 146
402 516
504 530
635 811
369 1106
171 489
671 380
315 836
37 359
1033 1151
816 803
1173 518
1173 816
194 622
563 501
517 708
647 71
24 304
602 659
267 971
918 790
612 389
1170 79
378 359
438 211
663 406
1014 988
924 987
604 1119
761 319
420 430
1027 219
502 1052
523 1104
863 1142
27 933
732 639
123 1054
1070 853
214 308
1064 29
715 31
1017 791
170 774
1062 84
1093 634
866 921
854 168
1125 529
424 1140
472 803
874 4
594 149
1059 464
1002 425
1125 18
454 992
401 623
583 924
197 446
1008 91
1080 1026
164 1086
347 441
416 771
381 40
727 407
44 473
556 255
938 358
680 863
729 286
1007 1130
910 390
854 259
1188 1014
702 221
1193 18
107 340
459 875
263 1193
915 990
400 112
264 109
367 354
819 1048
369 348
486 176
631 548
918 637
808 907
804 662
280 797
681 739
1137 292
415 200
637 482
343 1038
594 959
299 962
113 1118
1162 482
267 448
1010 50
149 728
687 109
435 643
771 1067
240 604
607 529
897 1022
730 334
656 225
524 51
1184 823
1013 97
742 127
931 161
927 741
211 1076
269 50
1185 1057
694 1109
76 86
513 683
616 210
857 498
897 314
723 221
365 707
1045 530
1156 939
1009 39
1100 736
1132 463
965 201
865 102
410 711
11 487
798 525
322 566
1087 1180
1064 784
294 939
1006 1011
798 3
693 1106
942 502
1145 842
38 1077
457 155
430 122
258 1193
834 269
480 784
1146 1154
150 186
1134 366
970 580
457 1128
391 55
1131 1084
1161 873
738 1106
867 777
135 124
84 565
599 342
910 585
964 542
169 62
497 671
248 431
189 19
1012 646
1147 555
701 231
792 1014
256 330
72 1124
259 207
400 344
1124 999
1038 835
384 1154
177 905
17 674
728 265
258 917
636 422
715 936
129 568
1167 921
382 223
404 454
499 663
1013 900
159 90
1051 1198
925 588
1152 254
645 321
81 174
587 691
243 375
1113 111
111 394
679 430
468 214
1006 872
668 305
687 834
357 847
924 561
1197 1001
301 301
55 946
623 136
272 362
1179 868
737 1092
979 1
639 810
431 1107
1024 237
779 845
895 266
479 404
265 203
965 614
4 66
916 411
165 691
900 437
205 879
105 94
1124 236
95 563
1047 879
470 871
268 401
516 315
1019 147
720 85
350 837
699 706
904 767
1118 221
610 818
658 1167
497 1116
62 421
504 509
984 351
540 606
375 809
1007 43
276 827
191 996
64 893
634 1115
400 690
1035 318
911 445
288 721
765 785
637 827
359 294
488 495
645 1029
1102 172
990 61
216 66
40 759
1063 456
452 849
372 852
339 207
322 402
1004 610
1123 569
548 913
548 59
7 1037
554 1004
866 808
1177 656
870 545
722 62
104 937
519 556
586 891
561 77
250 35
831 406
998 755
128 698
820 1028
757 1179
865 111
135 883
72 464
691 94
1009 566
156 265
303 675
1174 42
718 887
119 120
922 103
879 720
10 1007
218 830
835 127
1161 853
591 96
536 663
561 380
757 722
946 913
988 49
741 114
91 259
1001 563
732 1075
666 411
596 676
218 1166
658 205
446 971
210 1037
1067 1099
500 780
279 57
303 25
122 443
426 863
909 518
275 710
233 1007
585 51
218 333
1079 788
652 889
145 1098
660 356
935 527
255 587
460 886
644 1115
911 1118
710 137
782 419
1007 209
281 392
16 866
443 586
352 674
526 1004
363 1023
54 1023
179 141
703 786
728 1163
472 524
230 535
442 940
673 376
159 832
937 440
25 953
458 820
691 810
295 369
966 1010
193 172
834 724
313 689
311 193
652 1135
1069 34
471 664
974 1144
192 1133
1128 1130
725 1153
35 1183
774 1079
1146 221
248 64
31 441
237 865
1166 902
706 629
248 510
564 117
544 187
1133 318
483 126
603 412
56 128
365 91
464 291
1170 762
512 571
826 544
164 215
561 130
270 68
1111 518
578 828
987 1123
1015 921
241 299
199 1197
1063 255
125 228
698 941
520 1021
503 184
744 482
728 908
1049 442
191 119
510 102
989 1088
930 777
163 1098
850 405
549 1049
754 412
456 31
992 306
973 664
479 628
849 23
262 729
84 112
1171 275
583 833
377 373
722 460
302 37
710 1152
794 411
153 348
823 961
380 967
419 505
784 899
1133 785
74 548
314 158
660 638
433 395
271 1163
768 145
775 1070
183 285
174 977
696 679
126 671
440 858
790 860
163 374
911 448
1159 137
996 626
648 808
416 1081
4 1039
196 772
1185 971
995 520
408 1169
649 1104
649 1127
927 241
785 518
253 948
44 1164
549 4
454 345
982 1102
1154 198
135 310
37 332
1082 374
103 29
46 864
1199 696
768 1000
623 848
41 561
166 295
661 210
611 10
566 1065
708 700
119 662
898 255
972 88
939 6
814 194
36 861
1058 387
709 627
187 484
627 580
1045 793
875 859
155 639
869 1074
856 377
574 976
191 625
383 315
1065 122
674 1031
316 710
692 175
249 553
1154 436
1038 581
1016 35
526 1044
894 1033
835 916
59 491
445 634
619 989
411 1002
104 628
276 778
459 593
640 1152
1120 41
857 1074
477 695
807 646
1083 485
842 777
318 477
845 378
120 91
164 1092
232 927
46 336
355 323
267 814
68 59
1118 1188
101 776
214 930
623 173
728 506
658 722
436 976
351 81
506 824
524 1022
716 1108
749 762
245 1104
237 864
1071 305
75 989
645 528
917 859
259 341
1032 139
847 842
862 435
971 365
869 277
1189 545
100 705
454 1
620 1051
1106 857
715 129
315 1142
1118 960
471 836
972 1082
1177 1156
21 1176
799 35
764 570
401 433
1199 390
130 451
248 584
453 20
787 711
877 302
840 344
597 758
105 1068
746 229
950 1075
537 971
204 136
159 968
1058 912
553 210
454 1035
661 702
772 1114
722 359
977 752
1014 617
1096 411
528 353
279 426
934 29
302 272
152 858
760 663
978 971
375 683
1181 830
518 642
684 90
909 559
450 1038
463 264
808 711
1027 136
217 106
914 1151
487 368
575 991
26 136
455 1004
259 1182
839 240
1164 158
34 649
600 95
360 1050
286 823
466 1094
334 293
382 551
751 96
503 38
465 230
1030 843
718 637
1000 977
971 639
369 936
797 756
385 198
3 745
400 289
720 19
183 1054
312 565
758 1064
1014 413
254 631
643 436
274 162
1073 426
1139 845
1066 661
933 1015
217 470
365 220
367 766
862 1087
785 1045
93 249
763 851
113 929
64 368
360 708
1156 986
870 1030
213 1161
1027 431
622 760
246 1191
382 964
564 749
530 226
636 467
423 729
1068 338
381 1182
67 445
702 779
305 658
918 1175
840 283
289 1019
714 911
931 112
55 113
1076 619
862 758
1197 650
377 420
180 246
1111 913
580 1178
510 82
1110 816
1092 828
1143 1085
263 232
56 977
296 988
241 351
253 118
970 1116
28 119
918 406
539 1098
652 802
1163 32
1133 474
466 1043
90 710
1023 33
595 86
618 652
215 914
792 456
65 1045
926 187
113 955
306 1032
513 1197
82 1165
800 46
349 733
872 815
928 962
325 1103
147 73
341 1117
1077 556
831 669
164 896
866 1091
235 980
1198 893
812 511
891 894
828 843
940 1177
728 612
792 456
726 269
711 26
694 1052
1143 571
408 1127
392 924
1175 59
1167 211
1039 1165
1104 651
828 1147
697 456
790 790
785 318
554 377
1126 81
999 637
459 493
489 754
217 49
1033 609
974 1009
668 941
372 507
59 276
310 39
224 1008
848 166
598 433
837 1152
1163 763
385 114
553 1196
607 194
1103 824
244 936
234 370
1097 54
111 269
562 522
546 24
914 1122
1032 562
440 782
147 77
1087 110
1193 624
224 546
973 1184
740 876
1160 136
964 546
506 862
601 970
1131 1163
292 829
339 358
1103 172
920 344
106 1068
421 345
330 414
970 907
112 1095
891 853
771 3
989 887
550 296
901 1151
418 833
266 1062
814 605
221 718
1129 1141
1062 36
161 635
381 844
202 503
551 314
398 594
1167 321
597 109
361 1147
757 62
1098 1175
47 516
1037 862
1122 58
732 1051
352 946
1087 865
381 621
509 583
276 1060
898 675
806 17
148 204
126 509
503 35
572 754
10 619
70 200
633 1192
610 165
1044 114
1111 83
980 645
1056 289
28 133
502 78
1160 108
448 108
664 926
970 1168
962 342
722 124
113 792
676 747
1137 87
64 981
201 328
1064 333
973 73
975 153
206 629
232 166
737 680
626 554
406 396
874 520
1090 396
645 356
340 121
255 277
560 671
410 1114
999 627
247 772
700 22
78 906
651 310
224 541
142 2
247 900
751 1121
573 993
669 18
149 1009
491 756
439 1052
228 849
118 27
628 365
1152 128
740 30
186 543
692 410
1084 1186
765 483
38 316
404 611
109 1073
981 611
35 625
167 474
829 747
475 947
1127 1104
112 1079
384 852
261 571
548 105
133 432
91 898
916 129
14 472
1093 124
346 26
1087 733
651 54
359 280
802 1186
27 729
242 492
960 627
496 373
1198 1044
478 483
629 569
182 697
1050 548
1169 95
672 667
122 911
200 773
966 911
206 920
898 585
801 1140
1077 913
567 374
86 917
218 564
201 1199
285 735
696 487
83 666
583 1108
133 1057
819 686
982 937
397 1188
1009 95
574 610
388 451
675 955
1177 1113
1025 548
477 378
547 1114
1113 44
402 1196
1062 137
1104 347
1194 1076
1033 976
813 583
965 623
1030 691
385 218
294 213
326 272
126 151
1172 956
529 519
870 442
915 424
790 777
561 1047
1125 907
923 110
684 888
693 801
311 524
644 1049
1094 938
62 220
362 188
371 334
296 52
854 1167
494 569
391 437
499 105
284 424
1012 359
534 848
47 380
801 711
56 245
560 1150
1184 974
171 346
314 894
1033 611
947 687
930 593
408 121
1030 59
578 466
483 743
825 170
391 873
902 345
736 958
590 96
60 926
222 583
73 536
630 258
299 377
945 29
122 505
503 305
917 1081
771 552
624 397
722 168
422 776
513 1158
886 255
406 947
1182 980
682 407
316 112
665 616
841 762
645 964
419 1148
69 136
182 1192
689 1158
741 563
478 315
140 991
273 1026
399 1031
1125 381
811 608
788 280
720 253
48 714
167 693
478 586
994 899
723 328
43 212
286 785
775 765
1100 915
908 526
1094 107
709 1019
840 321
427 428
953 300
1033 1001
1014 0
846 644
587 992
695 462
120 738
674 759
323 601
324 576
669 384
1102 563
844 611
382 484
84 1162
65 189
262 250
1190 428
603 1189
224 342
981 71
804 254
809 630
1013 285
31 489
13 700
25 1115
63 869
878 798
506 963
760 571
1152 174
1173 295
954 576
636 1178
918 769
401 874
1023 362
304 1188
647 336
829 1012
188 855
927 604
524 606
202 1030
721 114
753 1025
288 727
472 394
455 1108
724 174
678 1125
200 853
287 505
1194 87
1193 823
1099 181
478 1179
785 1003
937 987
1185 810
253 739
635 893
618 260
87 1073
520 811
399 350
1088 600
4 176
257 1198
615 250
821 514
431 452
845 17
607 582
156 592
192 410
483 1180
103 253
240 543
479 1112
506 878
263 395
630 267
923 887
617 338
1137 590
4 369
1042 850
738 801
232 46
194 777
456 1029
757 912
83 149
255 562
61 761
592 676
308 375
943 31
62 712
369 352
455 374
1073 649
376 611
251 960
657 797
537 266
626 446
1178 1061
595 585
775 1009
498 520
485 807
895 581
838 957
445 360
461 900
1086 334
350 262
945 953
22 755
550 560
1021 328
158 151
542 754
1088 117
915 386
637 552
345 684
285 336
794 731
696 55
783 934
390 1133
1196 135
38 370
42 588
82 215
69 241
366 611
147 606
1080 214
993 870
766 490
354 1052
826 1148
935 674
4 518
408 394
804 756
881 842
279 924
231 361
1139 652
954 658
63 253
64 1143
467 209
813 34
1052 1168
238 678
268 1173
505 272
491 65
1018 95
1174 700
90 253
776 673
966 1067
125 1073
525 188
126 942
131 594
303 97
980 155
417 370
1186 685
343 843
958 1186
908 776
434 34
628 524
639 204
1197 758
424 122
631 101
662 1109
1043 1145
503 499
42 635
654 459
1005 992
1145 500
635 55
839 696
1183 73
730 612
949 522
1168 98
80 392
572 1063
846 34
972 689
331 628
340 374
63 995
1185 221
787 282
721 575
689 360
71 673
785 1153
437 886
475 757
984 555
302 708
418 1148
1094 191
637 226
819 978
952 34
1125 937
255 1064
372 129
439 1061
841 862
886 427
816 123
113 91
881 250
999 335
958 217
283 5
760 72
231 731
202 1183
1118 127
72 173
344 444
654 783
658 296
798 344
723 414
820 1188
857 853
590 656
1188 701
26 271
706 1138
343 89
670 546
72 940
1025 496
1113 169
93 568
105 751
16 55
247 739
469 1067
1079 126
1072 470
783 1060
323 1161
483 181
1099 1179
270 921
877 342
661 702
1190 927
24 83
647 481
834 663
536 234
554 157
101 433
283 1174
55 218
186 730
531 670
911 431
649 1181
152 326
675 1166
180 666
893 556
749 692
1037 736
155 725
970 709
882 223
294 318
197 702
888 736
232 220
206 1144
651 7
1125 1155
685 601
1121 865
419 1166
574 1168
658 411
1056 1165
289 826
1026 323
1050 121
641 399
823 330
1135 1055
550 493
151 353
500 77
308 337
1030 582
3 249
900 929
569 359
492 426
676 781
52 503
1105 254
624 546
654 599
28 589
806 930
235 958
83 735
1035 744
1073 17
126 228
266 178
1157 1187
537 449
413 366
383 818
869 288
1072 645
1186 878
396 15
620 2
97 855
960 181
390 1147
77 615
316 555
1195 934
733 1152
922 423
754 135
789 1137
105 458
577 1178
255 563
856 651
930 276
653 1028
1131 766
361 674
1065 438
441 182
993 437
1116 526
741 838
949 647
126 890
584 231
148 313
209 403
29 218
206 959
846 860
1139 1130
778 652
956 643
1090 197
825 35
986 742
914 528
380 1015
1175 506
706 912
738 854
377 99
410 406
669 616
166 316
628 457
598 206
1110 354
850 152
903 475
188 690
369 1102
370 750
917 697
408 775
761 1146
430 1139
398 1192
345 1067
960 863
535 741
121 1133
947 31
639 949
183 343
577 723
185 946
977 555
848 695
404 57
270 1166
355 1052
1105 753
196 250
621 309
1114 1156
1050 35
242 1149
418 881
899 953
376 628
477 561
374 254
268 375
101 673
432 724
639 787
928 544
341 277
1146 114
586 1060
422 436
247 664
737 1017
698 788
771 226
216 400
1140 943
1006 208
118 260
33 550
984 1024
137 1064
720 830
141 667
944 1079
879 519
315 279
1183 205
96 1033
993 19
60 10
419 352
105 226
912 223
486 946
1125 622
1122 62
838 643
45 980
462 141
859 493
660 327
772 996
532 21
829 677
40 41
687 460
393 792
1038 106
167 324
204 92
98 126
507 936
1121 552
1068 735
693 1080
381 506
207 1153
302 1091
1174 283
920 15
325 408
827 1070
352 665
1176 520
141 532
964 591
1011 271
327 84
1175 548
820 669
428 1
1175 987
306 629
30 633
912 950
648 37
510 627
260 863
444 588
535 585
1121 299
328 932
923 655
1016 898
3 988
719 783
989 1046
570 448
475 600
1081 188
351 881
577 861
308 837
876 752
226 211
489 499
863 817
231 586
624 399
284 980
188 1004
563 329
850 1134
1129 478
886 1010
666 389
1043 43
51 151
33 79
55 259
643 896
758 306
865 141
44 642
892 680
422 232
836 137
914 839
423 843
117 110
1006 783
499 849
1178 902
153 363
134 560
622 777
257 532
235 274
1025 279
916 1070
111 138
102 948
276 1016
587 699
660 704
1161 818
639 813
467 617
867 620
981 1001
1181 755
578 590
440 1165
864 617
244 581
487 356
1071 590
104 499
758 1043
351 570
547 312
188 1186
277 656
955 1145
428 736
946 409
644 677
151 236
642 1016
853 39
749 493
747 972
1083 3
272 993
1046 975
364 393
87 904
731 717
360 486
662 1141
375 408
350 1019
237 502
55 880
670 60
919 571
553 818
343 788
821 615
582 667
390 98
1060 830
1002 943
347 515
229 161
456 604
569 1158
775 1159
812 830
839 282
43 910
853 596
528 1197
185 149
964 1119
1168 507
17 180
489 171
1123 1188
686 152
149 294
1109 718
253 684
1029 217
667 1020
500 710
1082 505
106 410
854 643
911 971
562 31
278 931
211 1119
1103 134
1107 941
639 56
36 900
1126 641
384 956
858 1051
776 510
913 659
1016 172
221 1022
815 285
793 530
316 223
261 880
494 164
166 401
258 805
457 294
857 736
87 42
492 945
245 420
256 311
231 424
483 805
246 98
1090 192
628 558
767 42
238 62
558 757
463 816
714 73
262 372
809 349
414 453
447 1011
25 703
122 609
279 605
214 877
1056 456
1069 836
1014 989
878 405
1051 589
1162 666
205 676
739 468
1048 700
1169 614
305 416
778 331
271 52
92 902
658 306
580 866
762 801
502 928
590 533
485 441
1122 799
1108 479
628 999
99 828
500 421
243 1157
837 173
640 261
225 732
1163 35
1038 543
901 952
497 556
681 1087
241 318
329 515
1118 589
994 546
388 246
174 40
667 769
1198 304
94 638
917 320
523 881
355 361
576 409
466 1073
965 299
961 358
617 442
873 887
183 1019
233 923
65 760
116 732
681 114
189 776
1104 1106
1096 427
1139 603
1141 516
1012 407
741 1129
706 502
287 123
96 312
163 631
132 396
355 197
308 471
930 142
937 271
918 1193
177 1166
773 117
569 714
985 734
1121 526
663 979
181 103
254 629
415 417
61 547
1166 416
1097 274
39 1179
416 128
250 486
121 779
452 894
896 174
408 1033
908 681
360 723
812 893
826 1067
322 394
636 735
93 602
303 1190
29 342
1169 797
470 219
84 592
999 888
638 1047
214 199
33 1122
880 745
998 845
438 976
712 1112
170 148
648 264
1103 951
606 1132
94 576
729 916
1147 1165
660 98
854 99
298 1068
298 331
143 330
1076 293
1175 314
69 1039
578 240
340 26
856 243
978 262
175 224
1190 56
292 1138
22 953
388 28
1052 686
248 502
169 743
832 45
1036 1160
711 1106
999 90
498 139
468 154
734 598
768 61
822 759
118 1115
1049 492
20 237
872 224
76 1120
726 597
1016 358
643 852
670 506
758 470
948 408
961 217
562 496
1167 483
557 790
42 1027
1057 1091
671 1077
480 343
101 908
616 1179
306 784
689 101
436 160
607 347
982 708
755 743
77 470
391 44
953 949
1186 995
1128 1043
38 952
72 870
447 525
931 215
504 37
999 346
138 236
506 1097
583 288
957 490
1031 1034
960 223
231 713
324 217
860 604
413 898
356 837
921 804
163 652
171 1019
1041 1171
165 331
207 1023
228 1142
111 338
432 295
524 193
870 755
58 346
973 919
102 538
969 459
175 690
415 690
494 586
862 335
909 1027
666 1116
3 47
210 114
385 995
761 909
340 783
817 398
1129 942
117 384
280 239
1195 807
929 762
298 576
500 1160
911 210
139 730
478 142
777 689
609 314
836 522
375 1176
106 1192
374 387
934 844
1123 366
1083 1118
1174 1164
680 624
892 1181
936 604
191 1075
134 669
370 63
510 131
377 146
653 752
122 1111
745 849
651 831
493 574
350 728
493 676
1044 325
100 737
306 1036
493 497
63 979
319 785
1042 829
916 571
976 722
123 250
985 20
1099 436
4 744
163 354
272 1008
1030 469
133 282
358 440
118 3
89 533
982 408
119 1176
38 1035
547 166
909 1022
416 695
195 316
283 199
1060 446
905 485
606 735
106 740
1017 464
332 287
467 421
820 601
1182 91
577 20
279 276
186 1188
450 954
1035 645
70 119
1196 283
917 901
1120 676
788 26
216 605
842 900
44 109
473 17
1062 455
108 439
827 387
1067 1013
728 317
1120 563
963 1190
1034 959
625 1104
1013 545
580 601
571 1148
359 213
848 403
674 121
420 888
929 881
127 556
68 346
722 1148
664 642
864 779
984 698
890 410
602 703
955 334
457 679
282 816
44 1130
19 1071
404 792
759 485
473 39
1041 541
385 563
842 201
5 506
980 142
4 1023
552 959
878 659
93 135
138 376
951 535
658 971
758 214
563 317
699 188
356 893
1081 1094
256 723
95 614
29 228
756 386
51 460
497 929
1119 590
217 410
118 1168
97 1129
91 855
143 1006
1172 1195
1194 681
40 1076
927 648
599 174
414 981
402 1170
167 805
782 664
887 702
406 1104
264 525
224 361
454 316
16 949
122 340
96 117
1021 136
1193 1100
1137 944
75 351
725 829
674 892
787 256
708 474
958 1115
730 374
440 106
735 46
422 751
147 897
1092 244
1014 65
732 159
1166 669
1103 393
173 629
22 847
673 809
1103 182
435 14
449 317
388 889
424 1124
87 1198
1027 234
895 71
830 1061
489 715
20 807
536 1124
0 709
905 374
356 730
336 260
912 1123
626 161
241 1014
202 1017
90 289
167 270
876 1063
341 858
924 1182
373 97
789 910
373 1141
771 78
316 1128
808 652
540 873
927 318
186 320
132 389
137 575
1030 657
845 1058
872 1186
717 948
1169 242
1045 1110
304 218
1052 1076
648 168
156 609
1172 1048
634 899
166 820
20 650
361 509
25 544
318 870
402 1190
9 271
939 1178
866 784
240 1170
155 92
198 1155
612 354
564 936
554 350
636 1072
1171 1008
523 684
669 548
28 988
571 783
978 580
206 1069
910 1072
654 1150
1043 1161
43 41
1116 655
748 833
392 454
1183 180
327 306
340 2
991 161
550 1019
1149 273
954 80
853 1161
1149 563
1033 955
514 28
68 909
422 337
364 1170
1170 1108
776 305
440 1103
612 780
257 755
942 1160
926 43
233 681
123 1087
994 425
802 1179
532 116
8 601
1025 430
938 542
752 60
802 680
717 43
936 481
823 1193
36 917
1153 963
961 187
796 236
426 590
1013 28
569 346
145 929
99 322
159 189
16 63
249 819
744 118
14 480
600 1189
473 636
907 779
399 1020
966 1195
408 192
585 222
220 307
920 717
36 1019
192 548
8 560
963 609
531 859
727 545
139 127
535 965
764 594
544 315
766 662
663 326
6 400
548 226
707 620
96 1096
791 640
444 799
0 207
560 532
1067 440
229 358
567 1116
475 483
862 171
1151 428
1185 614
755 1191
166 455
218 874
1076 666
770 1019
106 366
619 458
925 331
990 1144
771 372
655 491
288 1130
126 1151
454 429
731 439
195 638
431 362
246 1001
388 474
819 1158
293 925
676 64
183 401
396 326
698 319
1050 153
810 138
435 89
441 41
518 325
481 1066
963 64
228 361
1065 616
835 684
926 1129
761 402
1193 96
1155 389
774 1005
709 624
1158 671
1115 746
1112 708
787 783
1033 68
649 1149
484 877
310 701
645 1146
537 371
1075 98
1125 220
547 232
610 121
38 471
746 348
294 1013
1094 559
521 682
142 355
1102 791
656 739
820 966
240 265
64 778
988 1139
28 913
160 575
1145 1122
1049 1183
745 595
684 191
760 578
750 81
412 44
436 667
1187 244
206 807
11 446
224 75
24 364
367 405
77 879
980 375
1153 829
710 1050
576 194
41 136
773 1144
218 1185
1188 1006
1004 1176
51 10
1135 414
457 160
841 833
524 8
38 954
39 171
129 1192
152 839
1042 729
1034 1084
17 959
1028 587
96 168
746 1101
144 1149
1111 80
363 720
592 4
354 268
365 744
374 404
915 503
397 1068
495 591
949 681
827 966
440 655
354 536
824 252
789 120
201 701
200 564
221 1144
920 927
213 437
472 939
842 187
243 391
407 1090
982 156
571 610
1123 1011
417 629
699 393
881 641
514 1082
142 1066
798 715
1011 870
795 376
108 67
115 102
606 710
845 1014
600 627
1170 1171
389 245
134 1159
26 1186
352 59
627 18
1141 1121
1085 1091
988 48
1114 583
776 374
1002 43
476 409
1106 121
575 506
1100 897
830 642
1143 116
601 1169
102 105
29 1081
124 322
1002 361
566 1143
761 832
526 337
6 681
732 834
1090 638
107 817
1145 359
514 1127
1001 457
43 754
779 498
860 1160
731 984
634 886
497 352
829 58
1184 507
747 342
1188 279
328 230
918 787
1047 15
1147 362
294 100
1171 689
855 1102
1187 867
1062 1071
1003 849
757 300
1 738
358 338
45 1105
680 386
536 161
616 254
948 816
621 47
330 915
148 301
405 155
204 744
1022 418
967 1177
67 524
277 421
62 987
759 460
44 591
846 580
752 262
1187 501
230 960
548 560
676 1048
862 233
355 218
129 177
636 1097
506 1056
773 783
277 836
570 1036
96 966
427 94
699 1180
708 686
833 939
446 533
299 274
382 313
859 737
531 141
67 320
38 573
176 811
509 453
799 231
289 47
1198 1068
141 697
200 850
535 1033
589 133
719 40
760 253
354 419
142 37
560 209
357 950
1135 885
914 796
138 865
1027 779
913 177
1000 1054
26 0
1056 913
186 797
1047 905
838 607
1158 344
178 100
381 1091
662 1091
1193 949
1128 907
545 67
573 724
1198 638
54 998
844 80
151 701
146 337
650 1193
394 288
952 352
984 282
804 518
173 618
409 519
367 337
226 64
756 1151
1141 1107
941 1195
57 586
427 208
439 573
545 241
918 91
530 1022
443 666
105 400
1184 630
1018 745
1149 538
1083 528
954 991
831 895
50 573
42 108
311 470
316 1102
195 14
143 266
105 1025
88 901
492 193
101 476
824 271
22 773
1161 257
101 916
400 85
963 451
658 1006
559 121
628 27
23 823
41 518
1089 147
344 1178
200 1188
523 653
816 147
76 838
73 38
247 526
106 1000
611 1069
251 69
27 1162
542 655
1189 565
631 31
236 520
530 932
850 730
920 526
183 536
673 259
527 1098
649 1126
425 755
926 1036
977 1177
258 1004
1139 800
460 281
518 1091
312 754
763 1194
486 766
1076 558
92 59
1094 1117
670 773
1016 472
700 241
379 426
429 156
756 1039
313 1047
992 1125
128 310
168 792
216 83
786 1054
849 662
412 93
1073 658
11 896
584 179
168 84
772 547
862 1
1056 418
1041 169
618 833
94 746
295 262
339 863
345 277
717 347
940 281
440 1165
91 803
861 675
982 181
1111 554
729 774
908 585
344 1101
1106 962
1086 0
861 181
614 352
196 111
629 65
458 721
698 51
687 789
6 700
617 141
882 528
1047 763
454 755
500 1151
1008 406
65 894
758 78
227 524
430 423
635 1060
488 246
933 1186
297 772
1128 655
273 545
796 307
225 644
1070 1032
551 722
135 360
1128 200
54 1038
279 634
362 1061
1057 997
921 698
43 1007
1036 692
579 116
500 4
1013 96
311 39
1092 533
223 796
55 358
1156 335
910 362
173 1189
996 535
1051 6
685 1124
1056 728
931 44
573 311
161 1073
315 1174
321 979
365 566
664 588
162 720
98 118
207 1009
832 381
998 629
68 1
987 753
278 843
634 361
39 359
1024 200
232 492
527 905
271 892
271 935
633 433
807 731
903 1015
540 888
548 691
669 616
1044 456
170 474
451 1156
836 490
315 660
1043 899
304 370
604 927
414 28
663 199
813 622
83 869
789 623
557 137
466 26
754 663
834 76
1137 85
32 1125
927 699
938 1122
398 42
644 1002
970 211
1030 785
410 996
207 493
665 149
269 22
286 1087
400 192
550 34
620 840
471 1004
765 550
503 503
473 901
546 1117
1056 668
128 38
253 891
1034 812
536 499
961 1157
873 48
1045 73
240 747
107 13
387 578
1017 305
1129 321
808 754
22 506
671 1078
1174 1152
1117 227
1195 103
1040 531
603 1153
489 276
1 686
702 594
585 809
607 125
540 776
430 821
1097 390
375 272
897 198
502 23
502 771
603 497
875 795
181 278
748 1022
906 750
860 760
496 245
370 255
370 62
1031 1152
35 929
343 410
353 392
960 855
415 263
427 1018
1112 102
613 445
732 162
267 790
64 1127
351 912
525 1073
1167 895
1135 150
848 1170
231 343
732 584
735 492
240 1150
1107 667
121 172
1121 1086
617 653
400 885
243 464
1164 946
528 489
819 847
185 754
998 185
1076 29
528 608
966 63
253 6
365 512
1025 838
684 946
725 102
751 1125
139 146
742 455
1093 70
945 712
918 282
619 1068
819 495
249 147
256 15
562 861
373 79
173 198
918 10
296 443
112 1047
720 603
1194 262
1058 1087
685 803
951 755
237 370
975 1056
18 24
355 274
40 917
1135 765
149 460
964 1067
470 412
662 934
260 534
689 606
797 548
845 634
503 596
541 741
119 316
949 137
340 105
411 732
174 698
298 323
310 414
542 781
826 4
867 238
539 357
844 488
905 841
274 560
238 815
453 357
1131 203
846 623
660 57
156 834
1107 806
310 569
20 852
150 1198
857 170
237 548
527 233
1036 584
1075 462
296 113
77 750
822 8
105 468
631 765
877 1139
751 1136
745 1061
505 765
714 1008
764 723
1178 153
423 857
386 611
593 261
1073 889
726 1150
439 700
1158 896
320 941
813 349
881 717
285 426
578 1143
344 444
103 260
319 433
413 742
90 799
153 683
1061 26
724 939
1176 316
440 286
12 760
28 1178
1110 909
695 547
487 73
842 831
870 945
1091 1189
178 656
732 620
256 37
455 469
64 1180
208 40
296 1000
327 660
913 355
638 1175
416 133
874 903
559 517
887 581
614 778
570 793
235 454
565 843
492 1021
464 556
153 672
948 449
825 427
261 538
1134 900
865 350
185 539
406 1096
1056 93
477 471
23 200
416 610
654 981
253 298
1154 717
6 107
542 955
556 519
534 1170
1057 469
870 722
1171 207
61 377
104 270
470 581
741 846
1133 309
256 588
90 510
38 45
379 45
152 921
152 1061
240 686
1031 449
1155 1053
323 1127
412 737
304 516
1007 1127
250 900
773 183
9 1029
1123 451
691 1162
848 1071
359 1001
1144 511
14 537
1197 197
986 1153
402 462
232 814
1199 536
483 158
815 733
1058 740
68 219
570 344
670 413
306 319
284 665
472 581
1176 838
1118 325
187 904
630 589
166 862
555 517
551 1038
675 166
923 885
59 992
1104 629
136 927
194 794
46 479
611 870
1060 939
860 978
64 1047
1034 695
788 353
709 143
22 60
1182 698
579 57
383 638
1049 640
419 337
367 613
283 765
244 894
435 104
633 447
234 1050
294 421
545 1082
1126 406
377 1148
467 359
646 1046
769 182
836 618
822 55
108 1189
668 391
754 913
86 341
169 1071
788 756
921 234
1177 618
468 255
1025 845
203 644
357 2
490 1126
184 126
896 1006
533 1004
147 1
548 53
66 986
394 236
857 334
992 931
568 121
701 1036
376 526
1033 931
1170 190
933 812
116 1117
90 165
75 623
1169 574
977 869
627 1043
655 1021
79 665
507 223
396 227
344 1097
415 1072
776 249
804 1098
439 537
711 908
807 1153
1073 34
929 194
609 706
1064 36
549 871
210 981
336 717
4 732
945 701
982 512
573 558
761 529
456 353
1067 319
61 1026
625 286
1060 354
832 469
1060 1048
506 761
720 1068
542 1056
937 899
589 1034
400 723
347 125
81 1108
655 889
261 874
361 674
700 986
112 560
140 97
182 352
1145 1040
1113 665
908 808
522 997
507 263
832 59
986 1179
184 219
239 1191
1108 853
865 621
327 717
407 792
430 899
889 612
51 834
804 317
652 864
277 1174
661 784
589 293
1195 375
272 531
594 864
523 854
517 540
276 1196
410 1035
788 840
735 829
604 1138
816 208
607 268
1072 884
242 533
820 1183
1179 815
358 603
499 104
267 1022
110 784
714 738
781 1124
574 721
1116 461
351 872
751 319
232 159
587 456
195 1181
142 1016
1164 121
983 674
724 282
778 992
456 888
928 323
427 861
599 153
383 516
614 1086
188 165
205 773
676 1144
29 872
1125 171
688 241
292 823
915 169
258 493
313 714
533 41
1037 112
903 437
265 438
105 31
324 645
549 881
218 25
825 248
897 1102
771 737
143 1064
361 1058
385 971
703 698
485 388
739 675
501 794
264 1118
32 721
302 708
166 851
389 737
28 366
137 926
268 908
815 763
1124 328
973 309
99 828
1007 937
17 899
764 870
493 1028
1140 526
901 242
386 219
245 776
956 274
1142 1093
352 563
1154 1167
126 1078
648 1100
188 747
1080 347
836 1097
46 400
1119 892
580 1060
570 281
102 956
501 700
884 609
974 827
855 478
542 809
797 668
687 245
920 27
145 801
727 981
1050 773
534 970
817 1114
830 187
548 84
296 1049
1136 1180
810 910
807 465
540 501
74 138
1170 1114
383 42
293 880
1195 1020
662 1046
946 348
1168 563
262 1150
1103 810
34 199
1011 1171
179 622
33 139
239 574
640 314
712 962
580 247
157 873
1128 152
694 942
350 440
90 318
155 352
268 58
315 655
257 478
978 789
1100 163
928 140
1089 720
806 953
835 186
1 992
211 1129
296 905
23 647
497 113
117 1005
817 738
1063 284
545 473
763 675
414 1015
838 494
307 728
14 1113
481 849
451 834
993 663
1115 90
720 1138
737 370
403 6
175 21
1096 390
657 441
15 220
268 429
36 1107
923 343
987 938
609 620
939 212
607 733
875 522
823 748
813 712
270 16
1070 445
389 967
1187 1047
560 3
419 829
432 455
1088 156
1151 27
246 560
999 337
1124 406
222 1152
81 1045
700 894
909 122
62 1132
567 452
899 906
651 611
909 1070
592 494
678 832
1002 981
859 400
693 1011
737 617
217 960
569 298
1157 421
344 19
543 407
1151 262
859 2
1169 662
613 878
884 358
524 362
1190 326
495 850
726 1188
661 616
606 30
376 1175
681 685
397 1025
704 940
232 1007
3 243
1009 324
905 423
354 590
781 879
104 771
5 600
773 732
588 586
148 346
969 876
322 450
713 1071
275 218
1163 508
25 1166
751 1035
642 457
610 997
199 543
676 303
466 681
55 40
565 996
978 1065
142 747
741 816
1197 255
687 625
825 651
1133 2
969 1036
189 412
293 799
209 844
494 37
300 961
718 355
153 436
503 1131
301 646
1031 195
614 180
802 102
805 779
1105 1090
781 26
927 123
790 372
922 151
369 569
188 669
330 59
176 483
495 680
766 1148
478 949
143 1092
282 97
346 239
876 251
130 810
630 209
933 220
581 1007
724 102
376 912
771 706
123 100
341 618
780 260
567 410
9 1062
302 291
1160 1001
531 836
404 1013
798 1034
22 531
407 955
339 1131
1058 715
1195 981
574 119
1081 915
1089 661
327 808
223 337
671 526
980 631
679 663
619 1083
828 570
918 850
1101 477
958 592
408 816
108 755
949 1034
26 831
1101 1116
644 229
1076 868
918 547
546 698
330 25
514 102
1108 142
672 1178
145 925
455 1103
318 15
1071 778
1123 820
612 1149
803 513
217 248
742 94
268 460
641 814
311 124
1191 825
226 1099
119 50
230 264
975 685
167 445
701 390
23 624
363 635
925 1166
1149 1143
214 691
389 482
304 182
448 615
306 439
240 884
691 359
86 921
624 1062
758 1143
659 259
686 683
35 1049
118 113
1015 67
56 382
1111 797
16 215
979 465
830 438
56 222
122 747
581 561
820 357
775 379
653 234
990 139
917 178
340 1036
291 507
255 699
889 166
296 906
733 75
171 363
865 579
937 988
127 319
349 947
1028 1124
478 833
158 269
124 228
447 464
64 738
972 671
237 1013
838 885
719 723
112 42
1087 978
622 824
1118 1101
295 619
0 476
895 479
461 205
748 586
433 347
202 849
1085 326
321 474
492 311
511 363
1034 623
758 73
753 532
50 671
433 697
442 433
1173 137
912 787
343 812
525 1128
1159 1079
778 196
206 1099
1022 1050
562 333
213 396
109 971
470 862
303 872
686 736
369 1128
322 695
66 386
282 761
1199 807
689 310
686 619
507 44
870 681
1094 232
1015 108
629 1124
231 251
1138 535
1123 624
423 292
553 1097
139 971
284 421
532 635
380 373
97 219
993 956
263 663
438 510
48 253
970 677
529 1
80 467
888 3
244 464
647 797
361 787
920 997
360 604
432 1093
977 882
112 1122
638 727
938 1076
37 986
481 1007
815 162
161 895
630 1049
50 874
313 1049
823 1027
988 543
824 149
299 409
394 76
91 506
351 729
33 441
958 71
227 239
230 194
754 743
241 184
945 291
210 410
492 185
237 281
1080 1062
782 179
623 1176
255 714
834 958
595 867
199 353
90 778
945 321
124 499
216 365
1035 1161
1008 397
372 301
582 961
582 462
823 516
641 598
844 48
112 478
1007 708
145 358
213 236
289 310
909 413
809 277
779 996
239 587
193 963
888 775
724 622
37 700
290 1030
98 1134
1079 563
412 38
71 910
396 636
298 685
947 359
1099 908
636 1030
705 27
417 898
990 458
826 867
232 863
367 523
694 817
457 925
180 22
963 603
84 159
40 382
1197 987
741 248
1047 529
78 552
557 847
603 347
457 229
14 690
244 733
365 938
351 1174
1015 531
1196 778
1135 432
938 327
814 87
114 707
335 1161
37 765
866 946
764 269
93 22
498 460
1064 742
345 229
833 696
203 648
380 552
579 667
136 317
994 951
756 260
810 243
573 847
1008 239
593 924
860 1039
98 158
651 1162
53 996
543 38
845 1099
1038 25
803 417
1044 939
1086 838
1042 642
1098 653
885 471
652 1045
1063 398
770 723
589 868
34 40
1183 439
188 878
477 185
777 667
562 380
1085 406
472 123
44 314
1118 1142
967 1155
766 420
1001 629
1170 923
152 559
943 538
951 78
977 1139
957 606
477 534
74 1039
67 311
246 539
434 642
5 704
937 973
660 503
545 813
284 867
536 788
226 631
127 1177
710 256
268 467
863 745
153 937
937 220
400 335
1111 834
977 1117
691 714
42 151
369 939
964 1005
606 652
594 1184
435 1073
1161 1145
129 581
764 992
479 70
1081 216
290 281
551 554
268 680
823 959
195 865
1110 916
956 26
722 714
1030 116
698 265
341 659
563 470
392 479
615 871
549 496
239 1192
778 790
546 198
271 521
1157 818
538 219
534 294
597 56
1008 427
524 506
1044 17
317 759
488 1061
391 255
733 940
1103 972
932 681
915 630
31 338
1151 1188
1156 489
207 842
1135 804
51 95
383 575
953 580
945 422
491 585
284 882
840 169
623 743
293 707
577 8
490 608
698 793
597 654
435 1156
297 370
1113 348
818 648
75 571
28 1020
994 872
405 430
554 397
951 329
1141 44
189 870
405 679
278 1103
272 27
910 1059
336 7
582 249
707 200
897 1134
771 78
107 917
102 512
499 656
62 250
986 3
647 327
873 1052
1006 303
955 430
683 665
290 1019
1024 872
68 883
224 117
1170 147
547 77
217 649
941 716
458 1003
119 596
158 766
923 183
618 729
487 725
311 1170
543 601
141 719
625 561
403 849
678 373
997 378
802 14
179 543
1082 637
347 1
33 505
767 956
689 537
837 328
63 1149
650 958
902 791
477 680
504 880
681 1182
405 478
712 7
844 892
551 727
681 50
1080 715
907 1000
823 748
337 461
1076 752
762 878
510 816
821 988
296 125
1020 978
460 578
608 1172
585 253
16 288
132 698
690 364
213 398
164 1036
1146 854
649 175
758 211
1053 421
180 675
561 476
1152 381
254 412
111 15
385 1049
620 753
489 1104
251 1180
268 816
378 785
1005 324
791 454
499 349
1018 705
770 1198
532 131
826 484
865 233
897 128
248 434
1177 868
1187 467
772 591
447 192
207 1177
977 12
653 568
819 305
70 989
1010 840
139 342
124 117
826 141
350 523
269 598
109 599
618 97
1066 542
688 665
735 47
642 512
412 447
233 383
752 303
524 562
295 663
56 771
1132 883
912 283
558 334
33 668
933 1004
1117 1151
346 957
616 1081
1004 410
746 568
857 979
951 762
434 275
124 729
90 181
301 23
216 365
658 1126
699 1043
946 784
847 15
735 1194
972 503
1075 1129
65 621
849 75
752 601
837 1186
28 113
716 471
294 169
846 862
534 304
1141 386
147 887
1170 995
903 706
141 1027
361 16
956 427
990 958
502 542
359 139
881 739
252 749
10 899
918 856
913 604
312 854
990 812
894 961
959 597
819 1100
424 1180
268 533
407 410
291 61
105 1002
552 986
893 1157
535 904
856 605
912 921
361 377
576 152
1189 270
265 100
19 236
352 795
216 620
480 976
1031 1123
1037 1136
77 390
922 971
347 609
675 355
366 739
428 727
1116 156
31 257
778 648
709 797
884 1061
745 1101
482 25
29 665
301 1066
601 378
608 675
149 107
436 824
814 802
716 43
681 984
551 1065
42 130
513 751
927 198
613 824
99 247
850 480
912 1151
346 313
329 107
140 831
566 576
807 533
530 323
576 363
108 279
228 502
409 742
53 489
940 1018
113 191
65 115
671 977
66 169
442 748
628 582
379 1195
310 338
528 840
662 256
4 1122
535 584
424 97
126 829
586 218
648 699
761 1065
815 232
1195 33
754 437
1133 182
172 664
529 482
1003 209
475 817
817 831
739 505
215 1163
602 342
792 340
912 592
1039 474
458 1006
706 453
192 612
42 125
1147 214
1142 476
1049 945
1038 324
562 655
307 453
312 522
768 66
16 712
406 929
105 246
203 915
404 61
168 596
674 210
722 621
777 664
249 626
761 87
102 475
1095 409
80 559
83 848
626 100
360 1032
1029 465
430 32
180 835
445 700
231 1119
63 105
892 840
1121 294
618 1034
733 1072
661 980
633 741
340 716
389 966
816 750
1150 645
367 381
1029 900
368 627
400 951
898 463
1057 943
455 130
37 225
317 770
97 978
903 730
520 43
247 909
161 1063
811 111
861 331
844 1042
31 12
821 783
964 520
399 1173
263 854
455 652
1080 772
574 329
903 277
1060 223
320 459
284 833
674 248
97 687
579 941
882 610
106 503
193 222
1023 592
195 438
599 1002
1090 831
927 465
1160 630
742 172
853 215
631 289
200 106
537 297
1145 1116
391 827
526 497
131 1072
719 306
816 66
745 567
1068 987
198 1147
604 511
577 499
683 582
1066 467
872 66
925 209
364 870
126 1107
498 1004
404 629
28 275
87 1197
693 1184
564 913
972 763
861 728
74 238
27 1109
821 1093
376 493
1160 101
1054 676
124 332
583 622
489 139
403 869
414 490
866 1107
827 231
820 599
146 481
479 572
1072 507
481 693
400 10
338 712
463 544
188 587
877 1123
361 518
62 764
187 476
407 1054
735 34
85 356
985 231
1189 264
1155 213
1123 436
906 324
446 396
188 910
93 377
649 970
300 1011
288 715
575 475
1191 134
681 1079
520 1118
587 305
501 576
922 456
1142 845
893 0
321 491
397 510
553 490
887 3
612 339
1014 52
1054 741
879 198
876 361
77 196
279 664
854 1133
392 576
389 334
573 82
335 895
926 1084
205 279
726 244
282 138
935 96
542 1142
838 221
492 866
934 569
1062 366
385 716
299 1129
444 688
616 1018
1123 951
1065 849
1187 70
1128 713
666 563
3 401
659 897
695 649
1118 1187
315 5
908 530
371 93
398 670
375 843
510 991
1013 785
1094 878
434 1081
948 715
946 766
78 949
319 1089
646 1015
891 916
1002 358
921 1063
888 444
1156 439
266 683
82 777
474 1095
362 368
1125 1149
249 25
1016 347
791 246
448 1110
487 246
77 178
1163 232
889 36
95 577
481 403
1016 747
1087 250
676 361
497 191
1082 422
492 483
447 308
831 390
554 79
301 1041
326 730
372 641
962 61
677 1057
990 310
613 1159
210 500
209 38
13 1059
229 247
281 1073
731 1081
181 362
271 1087
793 924
929 271
455 453
912 217
514 742
427 304
1052 1040
615 414
692 825
453 1057
1036 1034
105 117
908 1188
350 1089
702 622
129 295
698 210
567 1153
663 631
171 1177
173 950
633 378
1142 49
792 986
26 45
843 1062
1080 100
331 1140
88 682
181 1142
456 310
238 1154
520 1157
1108 1183
940 431
312 1114
533 946
292 475
147 236
613 173
634 608
387 866
709 718
806 1149
552 987
1092 160
98 482
115 970
791 375
954 531
1158 418
797 491
516 241
118 663
478 1083
1188 1112
491 375
778 0
1094 736
302 798
523 546
959 973
180 1074
744 971
601 850
654 559
68 252
202 937
845 672
400 123
555 389
387 1046
764 317
199 1010
1053 853
609 377
199 720
502 731
946 398
502 347
400 308
58 821
560 612
558 206
84 958
681 991
147 1069
837 64
186 188
226 392
1041 835
1121 392
707 423
1123 453
822 777
800 22
1086 10
843 798
622 201
156 706
312 838
497 811
1059 487
875 397
675 1102
789 869
1089 710
61 597
286 337
1050 260
266 1003
282 152
1013 278
103 436
831 259
294 1143
249 792
1107 108
431 782
858 258
1036 799
1127 78
310 341
1027 948
1030 29
8 96
1032 290
601 1198
920 704
434 904
963 1080
1199 13
1024 1106
473 255
1041 131
514 877
931 793
107 393
1134 1134
141 964
1164 149
1061 148
791 462
146 864
318 932
568 81
1165 567
446 989
474 72
45 315
203 911
344 286
504 452
1031 791
738 324
555 1054
473 768
3 417
382 501
433 700
586 1001
1134 551
720 732
692 346
804 1089
1013 160
800 158
798 457
962 630
48 500
954 955
707 580
524 710
149 58
363 582
1111 949
735 1045
652 255
929 145
954 534
34 767
1046 1187
77 644
444 1039
74 844
692 181
599 199
1113 275
61 62
334 776
996 245
878 531
442 330
1138 523
827 892
1057 14
812 55
1 889
700 797
1081 1126
441 925
459 192
276 372
468 337
434 1154
265 582
551 1143
1113 145
626 204
668 253
248 878
619 1060
933 620
750 433
569 983
712 162
708 1171
355 984
696 1175
473 1130
1129 738
865 480
1034 778
977 460
134 445
1065 383
123 485
243 1057
1105 145
642 827
1128 154
989 988
478 144
772 1174
119 397
256 400
288 1121
32 122
1052 1009
582 1186
255 447
369 730
932 965
587 1190
1110 382
817 191
536 606
1179 166
1103 1104
140 22
301 749
775 941
670 807
1063 874
617 797
861 872
397 382
402 481
147 142
471 410
524 440
601 212
199 932
731 102
836 871
476 290
772 51
31 243
859 1095
269 628
1044 282
652 241
665 206
723 1164
348 346
726 24
1139 127
589 138
212 120
592 1048
143 220
490 916
624 522
311 635
769 580
63 613
863 715
855 680
73 730
644 422
1076 171
798 167
650 187
305 14
659 49
1063 803
622 353
519 46
27 1182
681 796
562 1096
210 577
963 217
409 1036
947 1054
610 1175
377 209
143 179
748 800
194 208
2 409
1011 624
1114 682
1022 1142
1016 855
1090 378
751 100
108 866
669 517
702 768
723 465
1096 252
674 39
784 574
1191 130
782 345
891 945
969 805
779 791
1099 595
446 990
126 349
242 586
15 912
255 1070
832 979
335 728
383 161
1119 319
1087 263
449 1022
608 140
767 378
98 699
321 349
446 1120
139 924
269 382
310 637
446 566
859 430
697 1194
1159 1080
507 230
200 394
493 1001
216 1102
294 136
280 392
1187 953
741 433
873 33
158 295
767 820
932 365
186 591
795 883
937 1106
1116 244
137 468
990 630
621 7
532 915
495 1164
459 482
918 353
915 943
386 225
38 305
1046 970
670 384
713 265
420 450
172 688
1046 309
1156 837
91 577
1196 624
645 491
940 1104
973 1010
609 1040
754 995
418 792
100 264
915 770
648 780
188 220
383 712
908 229
173 864
218 264
594 566
40 391
209 981
647 334
791 57
175 345
1052 593
290 305
9 5
227 1009
1137 767
30 320
279 90
902 804
107 1120
1069 701
839 1109
244 1048
42 891
183 834
948 710
331 1153
455 621
610 464
978 837
625 68
757 1007
388 188
1098 90
993 5
363 862
1058 354
1123 102
202 318
145 385
304 246
247 635
199 702
409 1161
318 539
1150 944
607 707
1103 148
896 153
238 689
158 953
703 368
107 978
822 662
96 968
1047 400
366 95
188 565
1149 949
878 268
288 828
364 48
336 267
196 32
421 786
1073 931
892 928
100 999
706 74
461 1155
1042 661
355 208
1108 895
1125 1057
644 803
477 933
784 841
133 1120
1109 681
304 682
267 529
413 311
257 865
463 963
940 76
70 1134
737 426
495 997
473 772
7 1118
728 484
3 312
478 136
584 387
817 888
221 236
569 986
900 826
652 163
941 744
239 1012
678 977
590 325
1126 1063
1098 1133
133 978
770 136
90 48
624 674
787 241
714 160
830 83
1146 530
61 950
1045 154
494 84
1166 325
213 908
650 140
1124 900
425 57
678 347
194 1120
747 818
946 334
212 460
494 194
895 793
1076 108
543 921
263 1038
157 581
163 371
290 1165
863 566
18 88
623 1048
788 1169
969 335
1140 715
1022 504
328 316
1050 23
1109 926
132 805
999 747
643 1156
128 1158
679 770
1123 342
136 293
783 1112
142 371
233 1111
1058 525
626 880
1029 106
349 879
130 610
957 614
215 1108
513 858
217 641
1168 896
564 244
391 1052
537 1174
116 679
697 350
942 555
27 721
236 1057
827 585
1088 109
1195 1198
723 211
258 388
221 475
182 190
524 746
434 915
950 123
41 1067
803 738
569 545
93 596
66 681
805 894
66 1046
1003 414
1044 879
977 454
419 350
82 601
892 958
147 126
673 250
602 1066
117 205
604 1038
1102 1049
434 1169
531 392
15 949
238 170
515 434
201 644
40 621
995 122
374 687
1080 874
1166 905
1124 568
771 41
1125 175
231 1027
377 1017
148 908
209 163
1009 799
686 325
33 39
969 74
1012 1116
548 187
604 429
1061 922
134 985
290 58
178 215
233 409
42 610
226 191
670 788
706 832
387 544
1157 773
584 78
847 396
1195 195
583 951
976 444
673 263
581 115
321 759
330 906
320 724
669 899
67 139
487 1126
123 874
470 80
447 1054
511 446
603 858
994 1186
609 1122
783 82
185 516
197 506
76 879
565 748
755 34
447 1175
525 934
1101 649
961 371
1081 560
578 392
159 1181
50 1153
319 659
227 254
1093 413
771 442
71 1199
473 636
747 29
670 1195
4 348
81 257
997 194
628 878
755 358
71 914
691 473
19 163
285 246
417 530
1011 340
125 235
339 598
23 239
979 694
586 135
194 1019
392 1191
14 173
21 769
883 92
835 375
918 6
538 3
604 107
885 416
448 1010
1003 1139
409 1026
530 540
872 1116
1028 1066
88 220
1057 102
745 1079
23 429
323 858
1156 393
16 846
748 620
105 434
188 905
596 1191
845 1005
1018 527
698 1042
796 526
909 884
1098 1118
986 996
149 1009
225 825
1019 533
18 187
531 767
807 636
353 148
342 949
139 339
1107 309
866 957
152 462
283 213
146 533
131 284
329 281
445 906
258 264
239 276
451 770
195 411
207 900
559 901
1002 1050
40 909
512 906
666 1016
521 101
29 1019
634 512
104 964
1145 549
670 203
1166 62
832 769
832 1027
1180 191
1080 891
1092 882
742 284
591 406
1191 409
222 864
862 603
683 296
267 1139
412 213
489 1083
768 455
1145 400
376 1129
580 357
473 460
400 717
142 294
1002 1085
700 145
646 74
1009 308
677 844
956 97
784 169
310 73
52 1078
880 349
631 56
630 11
765 1103
823 1166
621 117
260 775
354 113
920 1000
187 1081
460 17
725 216
114 309
385 776
734 789
1006 766
1138 437
1175 921
448 740
824 71
1058 597
540 471
172 894
584 244
1046 771
125 306
1140 851
523 54
312 60
830 199
2 637
117 1140
226 92
13 675
1185 838
1098 1043
235 439
314 760
485 898
1004 332
822 282
638 762
285 313
1169 597
726 1151
1148 728
588 66
1020 1167
158 1034
642 495
672 892
339 59
483 1005
1171 969
1056 976
101 1030
58 1091
592 343
205 561
92 83
865 393
811 605
459 631
572 969
465 366
265 289
59 956
701 894
761 672
663 969
800 1116
799 10
160 192
705 717
1105 798
800 1122
343 411
528 802
194 1100
571 660
267 1188
101 678
944 802
372 506
627 188
627 227
104 227
590 264
771 95
981 1028
45 581
951 388
144 279
342 339
179 914
151 446
54 252
1124 999
207 297
657 1186
485 84
565 941
311 1155
358 1082
51 491
911 448
225 1014
837 369
93 1179
708 272
45 11
1071 100
616 147
251 823
796 908
809 433
144 174
175 808
482 885
1042 533
176 1105
981 401
919 970
771 1012
102 631
85 147
643 308
599 411
455 2
34 52
62 1195
485 207
521 1012
1015 1003
697 857
688 874
763 822
75 482
592 1198
647 1046
982 1084
346 777
192 945
1188 999
948 22
1051 1010
369 689
369 890
853 536
1046 351
194 534
377 109
156 804
943 1101
803 742
99 585
626 445
162 1170
191 150
970 291
524 1173
453 893
662 1175
935 668
511 781
1019 1057
468 548
1166 976
152 62
29 107
804 129
692 583
574 6
553 765
508 323
208 1032
297 1014
1077 111
989 1165
779 652
746 950
510 366
298 828
143 451
890 172
558 847
301 403
230 876
761 783
793 70
259 154
254 556
320 484
1019 109
449 599
761 347
349 423
714 1000
52 9
251 94
181 1161
941 835
716 323
511 278
259 456
700 518
962 106
1074 82
590 893
191 1039
644 105
539 994
528 405
1146 580
414 197
675 595
510 768
582 379
1092 245
657 151
702 509
1021 464
615 895
899 6
940 242
197 385
347 736
531 28
293 477
960 707
1026 787
455 688
356 1037
1067 600
83 876
1103 785
185 924
401 1153
971 452
1159 1063
695 508
600 194
397 283
222 690
1112 1183
198 938
1122 653
779 630
490 998
30 573
675 285
510 12
9 64
1165 132
516 276
1196 363
785 596
558 334
880 780
1024 792
1115 374
883 190
1027 462
820 670
612 851
395 87
1136 58
452 298
122 769
430 990
1046 426
506 983
175 1064
117 1055
996 293
999 912
668 682
1102 847
296 1074
317 909
725 1065
148 1014
1123 952
464 397
522 894
539 368
473 1045
503 1000
909 972
855 706
65 1006
770 733
489 1024
733 1137
898 1050
1198 776
915 147
942 1190
251 206
387 773
252 927
293 725
772 796
877 834
568 532
692 634
339 262
519 1180
438 52
269 136
255 268
912 322
767 654
313 1018
12 1052
592 265
779 885
142 704
482 1020
690 202
704 182
836 195
444 508
175 882
912 445
170 1167
1065 235
642 632
41 107
450 54
1159 194
671 1091
1080 813
947 714
633 437
916 490
619 905
685 215
565 13
249 277
810 419
245 675
1006 39
107 1048
146 909
254 457
1104 925
700 136
538 447
2 324
36 70
814 655
975 651
870 340
664 271
970 274
691 367
949 497
406 208
697 904
1118 951
513 174
676 14
662 367
461 664
691 498
734 657
305 862
108 328
354 773
599 124
199 442
491 1149
92 49
509 789
953 779
541 267
953 369
633 415
736 246
231 227
1096 118
884 202
980 145
882 486
918 281
963 1117
1076 606
218 1168
656 1080
757 761
659 450
180 413
820 1165
1180 708
212 212
936 108
330 972
310 462
1117 344
948 1187
978 1063
257 854
470 827
822 278
707 731
191 167
334 724
932 1154
689 912
662 901
276 750
1010 606
875 472
220 1144
817 1169
1132 595
184 541
249 654
168 223
84 876
106 276
1043 440
1000 775
746 489
839 561
191 1116
111 353
874 138
825 1095
83 794
216 367
189 400
908 790
207 1076
165 291
1104 272
919 99
712 719
26 259
361 866
820 904
1134 83
57 808
574 34
703 657
1181 919
1024 170
120 1084
113 679
112 278
970 17
902 690
116 415
561 143
1026 922
161 998
978 95
233 187
903 807
222 407
616 203
478 792
725 950
676 1190
429 789
621 552
1158 323
42 426
1090 955
921 68
1030 1082
1066 808
1177 452
996 33
59 370
792 1028
925 70
620 802
173 449
793 602
390 214
1154 348
889 348
774 1132
104 496
0 286
730 1067
1094 1060
319 890
1093 730
412 685
558 137
1107 331
940 80
780 885
683 322
251 989
670 1140
490 596
1072 594
244 1073
880 975
92 1126
835 763
1169 1080
645 381
917 356
519 824
1039 611
905 619
296 740
93 547
881 763
839 171
511 1064
1117 756
89 1149
883 533
1076 870
448 197
750 1093
578 467
601 249
443 440
12 500
211 308
392 304
7 74
1067 1199
245 731
215 515
639 304
464 322
1189 692
344 437
889 246
330 620
1065 932
869 308
524 882
809 736
342 1
1040 702
427 908
701 1025
791 916
340 230
372 1156
904 361
1001 400
798 690
646 280
462 511
364 132
1171 889
166 780
425 508
1134 265
10 361
325 1063
538 1116
1131 878
498 303
1187 202
664 988
602 614
830 400
895 93
911 59
225 35
948 743
1167 173
403 1101
439 766
615 1116
629 1153
1033 561
1184 331
16 1171
886 1033
111 640
447 941
1041 142
1034 1104
554 411
1139 302
1154 1107
828 358
160 419
1124 1127
335 553
1081 168
266 217
852 283
540 538
116 651
1178 915
744 171
1058 579
76 412
990 15
1066 945
274 1046
455 435
265 379
362 601
84 595
1121 703
1164 773
138 504
463 606
307 794
321 1052
965 531
783 193
95 573
561 314
670 835
160 1125
70 426
656 785
1027 1093
180 100
596 497
26 734
153 841
492 461
435 813
665 553
145 248
746 592
1173 107
906 996
943 1067
73 165
293 730
102 472
975 635
924 371
1132 950
257 85
592 749
898 179
714 363
732 11
963 279
604 89
738 310
1085 833
177 1158
151 822
1040 253
446 815
888 171
1186 1172
1121 595
58 865
144 108
1045 11
472 577
22 587
8 626
676 747
89 561
732 266
872 883
241 712
289 687
328 329
10 666
302 1132
62 712
797 558
820 642
569 444
372 592
1032 380
370 860
279 459
574 1012
1078 246
695 119
958 984
1158 86
114 1169
753 768
253 1167
280 1050
525 1100
845 247
697 17
839 881
397 9
541 1029
469 1115
841 699
161 688
818 1120
825 1128
358 91
1097 263
859 150
582 291
353 1108
543 1198
507 40
367 146
921 1116
507 615
945 128
530 586
827 1044
75 797
116 52
726 826
143 623
1090 1002
1126 472
93 279
732 988
629 39
1029 148
537 1102
64 197
517 1010
677 200
748 657
44 1175
254 512
27 132
138 170
1108 380
324 1034
5 769
465 737
558 246
1129 387
394 818
641 458
167 1159
620 845
511 169
654 907
144 908
219 172
1041 709
694 101
1090 171
1135 1095
940 752
984 298
998 65
1037 192
36 831
1002 203
790 423
200 453
592 6
160 1088
915 379
412 1108
240 259
9 482
430 296
377 170
1048 514
821 1198
931 1010
542 967
641 344
323 583
767 875
1036 511
882 1196
752 949
727 1164
9 968
223 370
250 1005
1018 980
1176 18
646 1149
16 729
959 558
849 401
902 1172
984 822
1199 1173
485 33
1169 37
134 1049
2 495
817 577
865 219
383 683
351 711
701 149
660 1069
879 419
427 528
1172 482
852 109
456 3
82 941
37 51
979 523
1100 133
1019 1069
1062 1036
441 597
872 1144
108 725
94 768
595 973
340 174
301 312
656 305
421 1112
308 855
6 345
907 985
21 1159
1118 1040
181 132
28 622
730 900
918 838
426 1012
759 1021
1137 251
1195 590
915 1004
895 489
68 4
144 74
701 1051
211 722
163 481
914 344
614 943
